version: 1
creator: callgrind-3.11.0
pid: 4758
cmd:  ./d2q9-bgk.exe input_256x256.params obstacles_256x256.dat
part: 1


desc: I1 cache: 
desc: D1 cache: 
desc: LL cache: 

desc: Timerange: Basic block 0 - 220998899
desc: Trigger: Program termination

positions: line
events: Ir Bc Bcm Bi Bim
summary: 1547232276 177061413 2390760 2165101 291481


ob=(1) /lib/x86_64-linux-gnu/ld-2.23.so
fl=(2) /build/glibc-GKVZIf/glibc-2.23/elf/rtld.c
fn=(94) do_preload
654 4
+12 1
-12 2
+10 1
-4 1
+1 1
+5 4
-10 1
+6 1
+4 1
cfi=(32) /build/glibc-GKVZIf/glibc-2.23/elf/dl-error.c
cfn=(96) _dl_catch_error
calls=1 163 
* 2434 402 146 15 3
+1 3 1 1
+10 3
+4 5

fn=(52) rtld_lock_default_unlock_recursive
694 12

fn=(26) dl_main
738 1
+19 1
-19 7
2353 1
738 3
+19 1
+3 1
-22 1
2348 1
760 1
+4 2
+1 2
+5 2
2346 2
+7 4
-4 1
+4 8
+2 2
cfi=(13) /build/glibc-GKVZIf/glibc-2.23/elf/dl-environ.c
cfn=(28) _dl_next_ld_env_entry
calls=1 30 
* 54 18 7
* 4
cfi=(13)
cfn=(28)
calls=2 30 
* 287 95 17
* 9 3 1
+4 50 23 4
+1 19
-1 57 19 10
+3 4 2
+6 14 2 0 2 2
2514 3 1
+30 3 1 1
780 3 1 1
981 7
cfi=(15) /build/glibc-GKVZIf/glibc-2.23/elf/dl-object.c
cfn=(32) _dl_new_object
calls=1 61 
* 250 36 22 3 3
+2 1
-2 1
+2 1 1
+1 1
+1 1
+5 2
-5 1
+1 2
+4 1
cfi=(15)
cfn=(48) _dl_add_to_namespace_list
calls=1 32 
* 33 1 0 2 2
+1 3 1
747 1
1020 1
-3 1
-5 1
+1 1
+2 1
+5 7 1
+56 5
-55 24 12 4
-1 27 9 1
+1 47 23 9
1123 5 1 1
+3 2 1 1
+2 2 1 1
+2 3 1
+13 3 1
+1 6
cfi=(19) /build/glibc-GKVZIf/glibc-2.23/string/../sysdeps/x86_64/multiarch/../strcmp.S
cfn=(54) strcmp
calls=1 144 
* 44 6 4 1 1
* 2 1
+7 1
+3 1
-5 1
+3 1
+2 1 1
+1 2
+4 2 1
+2 2 1
fi=(3) /build/glibc-GKVZIf/glibc-2.23/elf/get-dynamic-info.h
30 1
+9 2 1
+6 1
-2 1
+2 2 1
+15 1
+5 1
+3 1
+2 1
-3 1
-3 1
-3 14
+10 3
-26 9 3 1
+16 20
+10 20
-26 60 20
+26 1
-26 3 1
+2 48 24 10
+13 16 4 3
+2 4 1 1
+16 3 1 1
+38 3 1
+5 2 1
+7 2 1
+1 3 1
+16 3 1 1
+14 3 1 1
+18 2 1 1
fe=(2)
1166 2
cfi=(6) /build/glibc-GKVZIf/glibc-2.23/elf/dl-lookup.c
cfn=(10) _dl_setup_hash
calls=1 956 
* 23 2
+3 2 1
fi=(20) /build/glibc-GKVZIf/glibc-2.23/elf/setup-vdso.h
24 2 1 1
fe=(2)
1191 1
cfi=(9) /build/glibc-GKVZIf/glibc-2.23/elf/../sysdeps/unix/sysv/linux/dl-sysdep.c
cfn=(60) _dl_discover_osversion
calls=1 45 
* 85 15 8
* 8 3 1
-75 2
+1 2
+1 1
-6 2
+1 1
-88 3
+1 1
+50 2
-1 8
+2 4 2 1
+1 1
+3 2
+1 2 1
-1 2
+1 2 1
+1 2
+1 6 3 1
+1 2
-43 1
-2 2
+27 1
-25 2
+7 1
-10 1
+10 1 1 1
-19 3
+1 1
fi=(3)
65 4 1 1
+3 4 1
+2 4
fe=(2)
2442 4
cfi=(14) /build/glibc-GKVZIf/glibc-2.23/string/../sysdeps/x86_64/multiarch/../memcmp.S
cfn=(30) bcmp
calls=1 24 
* 31 11 4
* 2 1
+2 3
-55 4
cfi=(14)
cfn=(30)
calls=1 24 
* 18 6 1
* 2 1 1
+7 4
cfi=(14)
cfn=(30)
calls=1 24 
* 36 12 2
* 2 1
+2 3
1185 3
+11 2
cfi=(22) /build/glibc-GKVZIf/glibc-2.23/elf/dl-load.c
cfn=(64) _dl_init_paths
calls=1 661 
* 3108 553 154 23 1
+3 3
cfi=(30) /build/glibc-GKVZIf/glibc-2.23/elf/dl-debug.c
cfn=(88) _dl_debug_initialize
calls=1 50 
* 17 3 2
+7 1
-7 1
+2 1
+5 1 1
+3 3
+1 1
+3 1
-3 3
+1 2
+3 1
+5 1
-7 1
+7 1 1
+1 5
+17 2 1
+1 2 1
+5 1
-3 4
+2 2
+1 3
+5 3 1
+1 5 1
+2 2
+1 2
+5 2 1 1
+5 1
753 1
1262 2 1
1439 1
cfi=(31) /build/glibc-GKVZIf/glibc-2.23/elf/dl-tls.c
cfn=(90) _dl_count_modids
calls=1 115 
* 4 1
* 1
+8 3 1
+3 1
+4 3 1 1
+5 1
+1 1
cfi=(30)
cfn=(92) _dl_debug_state
calls=1 74 
* 1
+1 1
+4 3 1
+15 3 1
+4 1
-2 1
+2 2 1 1
+31 3
cfi=(24) /build/glibc-GKVZIf/glibc-2.23/io/../sysdeps/unix/syscall-template.S
cfn=(68) access
calls=1 84 
* 9 1 1
* 2 1
+77 1
1481 1
1592 3 1 1
+17 3
+1 1
-1 1
+1 2
-1 1
+1 5
cfi=(40) /build/glibc-GKVZIf/glibc-2.23/elf/dl-deps.c
cfn=(132) _dl_map_object_deps
calls=1 161 
* 15426 2750 659 66 11
+1 1
+2 2
+3 1
-3 3
+3 1
-3 1
+3 3 1
+1 4
-1 2 1 1
+1 16
-1 8 4 3
+4 3
+1 3 1 1
+1 1
+2 2 1
+1 6 1
-1 6 1
+1 8 3 1
-1 6 2 2
-28 5
+1 1
-1 3
+4 3
+1 1
+1 2 1
+1 3 1 1
+34 1
+1 2
-1 1
+1 1 1
+2 1
+2 3 1 1
+2 1
-4 1
+5 1
-1 2 1 1
+14 2 1
+1 2
+1 3 1 1
+11 1
+2 1
-2 1
+2 2
-1 1
+1 1
-2 3
+2 1
cfi=(32)
cfn=(148) _dl_receive_error
calls=1 205 
* 5819 823 190 41 11
+10 1
+1 1
-1 1
+1 1 1
+1 1
cfn=(158) init_tls
calls=1 573 
* 625 328 28 7
* 1
+2 2 1
703 1
+2 3
fi=(156) /build/glibc-GKVZIf/glibc-2.23/elf/../sysdeps/unix/sysv/linux/dl-osinfo.h
77 1
fe=(2)
714 1
+7 1
-5 1
1692 3 1
1922 3 1 1
2092 4 2
+2 1
+5 3
cfi=(31)
cfn=(228) _dl_allocate_tls_init
calls=1 450 
* 147 22 8
+3 2 1 1
+9 3 1
+2 2 1
+15 1
+2 1
-2 2
+3 1
-3 1
+3 1
-3 1
+3 3
cfi=(44) /build/glibc-GKVZIf/glibc-2.23/elf/dl-reloc.c
cfn=(164) _dl_relocate_object
calls=1 149 
* 4284 639 73 8 3
+1 1
+2 6
+8 1
cfi=(7) /build/glibc-GKVZIf/glibc-2.23/elf/../elf/dl-sysdep.c
cfn=(230) _dl_sysdep_start_cleanup
calls=1 256 
* 1
+4 3 1
+20 3
cfi=(30)
cfn=(88)
calls=1 50 
* 8 3 3
+1 1
-1 1
+2 1
cfi=(30)
cfn=(92)
calls=1 74 
* 1
+1 1
+4 1
cfi=(42) /build/glibc-GKVZIf/glibc-2.23/elf/dl-cache.c
cfn=(232) _dl_unload_cache
calls=1 322 
* 15 2 1
+5 8
2043 3
+7 1
+2 3
+19 1
-19 4
+2 1
+2 15
+5 10
+2 10 5 1
+6 5
+2 10 5 1
+1 32
cfi=(44)
cfn=(164)
calls=4 149 
* 80393 13141 694 159 35
+4 17 6 4
-22 12 6 6
+25 1
+2 5
+6 1
-6 1
+6 1 1 1
-10 2
cfi=(31)
cfn=(198) _dl_add_to_slotinfo
calls=1 890 
* 20 1
* 1
-12 1
+1 1
-3 2 1 1
-85 1
+11 1
-7 1
-4 1
+4 3
+4 2
+3 1 1 1
1491 2
cfi=(11) /build/glibc-GKVZIf/glibc-2.23/string/../sysdeps/x86_64/strlen.S
cfn=(22) strlen
calls=1 66 
* 34 3 1
* 8
cfi=(18) /build/glibc-GKVZIf/glibc-2.23/string/../sysdeps/x86_64/multiarch/../memcpy.S
cfn=(46) memcpy
calls=1 61 
* 94 18 12
* 1
+3 6
+3 3
cfi=(17) /build/glibc-GKVZIf/glibc-2.23/elf/dl-minimal.c
cfn=(80) strsep
calls=1 354 
* 766 238 4
* 3
cfi=(17)
cfn=(80)
calls=1 354 
* 6 2 1
* 6 2 1
+1 2 1
+1 3 1
+2 4
cfn=(94)
calls=1 654 
* 2462 403 147 15 3
* 2
1635 2
1503 1
+2 6

fn=(102) map_doit
480 1
+2 1
-2 1
+3 8
cfi=(22)
cfn=(104) _dl_map_object
calls=1 2167 
* 2358 401 146 13 1
* 1
+2 2

fn=(98) _dl_initial_error_catch_tsd
648 14

fn=(158)
573 1
+6 1
-6 1
+2 2
+4 1 1
+10 4
cfi=(17)
cfn=(36) calloc
calls=1 103 
* 38 4 2 2
* 1 0 0 1
+11 1
-5 1
-7 1
+6 1
+2 1
-1 1
+5 1 1 1
+2 1
-1 1
+1 12 6 1
+2 10 5 4
+4 1
+2 1
-2 2
-5 10
+9 3 1 1
+3 1
cfi=(31)
cfn=(160) _dl_determine_tlsoffset
calls=1 138 
* 71 7 1
+7 1
cfi=(31)
cfn=(162) _dl_allocate_tls_storage
calls=1 354 
* 439 301 16 4
+1 1
-1 1
+1 1 1 1
+6 1
+3 1
-3 1
+3 6 1 1
+3 1
+2 1
+1 2

fn=(2) _dl_start
337 9
+18 4
fi=(5) /build/glibc-GKVZIf/glibc-2.23/elf/../sysdeps/x86_64/dl-machine.h
59 1
fe=(2)
355 1
fi=(3)
45 1
fi=(5)
+14 2
fe=(2)
381 1
fi=(3)
45 1
fe=(2)
378 1
fi=(3)
45 1 1
+25 2
-3 1
-7 1
+5 1
+3 1
+2 1
-3 1
-3 1
-3 2
-13 26
+23 13
-26 39 13
+26 1
-26 3 1
+2 36 18 8
+13 20 5 1
+1 16
+10 4
-26 12 4 3
+33 2 1
+20 4 1
+1 4 1
+1 4 1
+1 4 1
+2 4 1
+5 4 1
+1 4 1
+1 4 1
+6 3 1
+5 2 1
+7 3 1
+1 3 1
+8 3 1 1
+2 3 1 1
+3 2 1
+1 2 1
fe=(2)
392 2 1 1
286 1
399 1
286 1
cfi=(6)
cfn=(10)
calls=1 956 
* 23 2
+1 2
+1 2
+1 2
+1 2
+8 1
+9 1
-9 3
+9 1
-6 1
-3 1
+9 1
cfi=(7)
cfn=(12) _dl_sysdep_start
calls=1 86 
* 115975 19532 2171 346 87
* 1
+9 1
+3 4
+4 1
-4 1
+4 1 1
424 9
fi=(3)
62 4 1 1
+3 4 1 1
fe=(2)
397 26 3
fi=(4) /build/glibc-GKVZIf/glibc-2.23/elf/do-rel.h
84 1
+27 1
-28 1
+28 2 1
+1 2
fi=(5)
517 2 1
fi=(4)
112 18
fi=(5)
517 18 9
+1 20
fi=(4)
111 20
fi=(5)
518 10
fi=(4)
111 10 10 6
+5 2 1
+8 1
fi=(5)
312 1
fi=(4)
124 2 1
+12 1
+1 3
fi=(5)
266 1
fi=(4)
137 1
fi=(5)
294 1
fi=(4)
137 2
fi=(5)
294 1 1
fi=(4)
136 5
+1 15
fi=(5)
266 5
fi=(4)
137 5
fi=(5)
294 5
fi=(4)
137 10
fi=(5)
294 5 5
+9 12 6
+3 6
-3 12
+3 18 6
+6 36 6 0 6 1
fi=(3)
68 4 1
+2 3
fi=(5)
425 12
fi=(4)
124 19 6 4
fe=(2)

fn=(150) version_check_doit
513 2
+2 4
cfi=(43) /build/glibc-GKVZIf/glibc-2.23/elf/dl-version.c
cfn=(152) _dl_check_all_versions
calls=1 380 
* 5779 822 190 39 9
* 2 1
+4 2

fn=(50) rtld_lock_default_lock_recursive
688 12

fl=(41) /build/glibc-GKVZIf/glibc-2.23/io/../sysdeps/unix/sysv/linux/wordsize-64/xstat.c
fn=(138) _xstat
34 8
-1 8
+1 8 8
+1 48 8 4
+4 2
-4 24

fl=(27) /build/glibc-GKVZIf/glibc-2.23/string/../sysdeps/x86_64/multiarch/../memset.S
fn=(74) memset
53 16
+1 16
+1 16
+1 16
+1 16
+2 16
+1 16 16 5
+1 14
+1 14 14 13
+15 2
+1 2
+1 2
+1 2
+1 2
+1 2
+1 2
+1 2
+1 2
+1 2
+1 2
+1 2
+1 2
+1 4 2
+3 2
+1 2
+1 2
+1 2
+1 2
+1 2
+1 2 2 1
-6 34
+1 34
+1 34
+1 34
+1 34
+1 34
+1 34 34 7
+1 2
+3 14
+1 14
+1 14 14 7
+1 6
+1 6 6 5
+1 2
+1 2 2 2
+3 2
+1 2 2
+1 2
+1 2
+2 4
+1 4
+1 4
+2 8
+1 8
+1 8

fl=(32)
fn=(148)
205 10
+1 1 0 0 1 1
cfi=(2)
cfn=(98)
calls=1 648 
* 2
+5 1
-1 1
-4 1
+9 1
+2 1
-3 1
+3 1 0 0 1 1
cfi=(2)
cfn=(150)
calls=1 513 
* 5789 823 190 39 9
+2 1
+1 1
+1 8

fn=(96)
163 12
+15 6
-3 12
+1 12
-13 12
+14 12
+1 6
+2 6 0 0 6 1
cfi=(2)
cfn=(98)
calls=6 648 
* 12
+2 6
-1 6
+4 6
-3 12
+3 6
-4 6
+4 6
cfi=(33) /build/glibc-GKVZIf/glibc-2.23/setjmp/../sysdeps/x86_64/setjmp.S
cfn=(100) __sigsetjmp
calls=6 26 
* 120
* 18 6
+2 18 0 0 6 2
cfi=(40)
cfn=(134) openaux
calls=5 60 
* 12983 2290 544 48 10
cfi=(2)
cfn=(102)
calls=1 480 
* 2372 401 146 13 1
+1 12
+2 6
+1 6
-3 6
+1 12
+1 6
+9 6
-8 6
+8 18

fl=(43)
fn=(152)
380 5
+4 7 1
+2 35 5
cfn=(154) _dl_check_map_versions
calls=5 189 
* 5690 811 185 39 9
-2 5
+2 15
-1 5
-1 10 5 5
+5 7

fn=(156) match_symbol
76 110
+9 10
-8 10
-1 20
+1 10
+8 10 10
+6 30 10
+15 10
+1 20 10
+2 10
+5 20 10
+14 140 70 10
+12 180 60
+4 60
-30 120 60 4
+19 50
cfi=(19)
cfn=(54)
calls=10 +11 
* 287 34 6 1 1
* 20 10
+35 80

fn=(154)
189 15 5
-15 45
+17 5
+3 15
-3 5
+2 5
+1 5
+2 5
-3 5
+3 5 5 2
+3 6
+4 3
-4 3
+4 12 3
+17 3
56 6
220 3
56 15 3 3
220 2
56 4
220 2
56 10 2 2
+1 16
-1 32 16
+2 63
cfi=(34) /build/glibc-GKVZIf/glibc-2.23/elf/dl-misc.c
cfn=(106) _dl_name_match_p
calls=21 288 
* 2321 282 78 26 8
* 47 21 6
228 15 5
+5 40
+19 5
-15 155 10 5
cfn=(156)
calls=5 76 
* 582 124 13 1 1
* 20
cfn=(156)
calls=5 76 
* 615 150 7
* 10
+7 60
+3 30 10 6
+9 30 5 3
+5 6
+1 2
+8 6 3 1
+3 12
+10 33
-7 132
+3 99 33 16
-3 12
+3 9 3 3
+8 12 4 4
+87 8
-81 16
cfi=(17)
cfn=(36)
calls=4 103 
* 152 16 7 8
* 4 0 0 4
+1 4
-2 4
+2 4 4
+11 4
+2 4
-5 4
+3 4
+2 4
-2 4
+2 4 4 1
+3 12
+4 15
+18 5
-15 15
+2 15 5 1
-2 15
+2 15 5
+2 10
+1 10
-1 20
+1 10
-1 10
+1 10
+1 10
-2 10
+2 20
+1 30
+3 30 10 5
+8 15 5 3
+5 2
+1 2
+4 12 4 1
+3 12
+20 33
-14 72 36 3
-2 33
+7 66
+1 33
-1 99
+1 33
-1 33
+1 33
+1 33
+3 108 36 14
+10 36
183 2
-8 2
+95 4 2 1
-80 2

fl=(67) /build/glibc-GKVZIf/glibc-2.23/elf/../elf/dl-runtime.c
fn=(258) _dl_fixup
66 32
+5 32
-5 16
+3 32
+3 16
-1 32
-3 16
+5 96
+1 16
-1 16
+1 32
+5 32 16
+4 32 16
+4 48 16
+4 16
+1 80
+2 64
+7 32
-1 16
+1 16 16
+10 144
cfi=(6)
cfn=(170) _dl_lookup_symbol_x
calls=16 806 
* 15666 2138 172 96 16
* 16
+4 80 16
+10 96 32
+16 16
-8 16
+8 48 16 3
+4 48 16
fi=(5)
+90 16
fe=(67)
-86 48
fi=(130) /build/glibc-GKVZIf/glibc-2.23/elf/../sysdeps/x86_64/dl-irel.h
32 2 0 0 2 2
cob=(3) /lib/x86_64-linux-gnu/libc-2.23.so
cfi=(51) /build/glibc-GKVZIf/glibc-2.23/time/../sysdeps/unix/sysv/linux/x86/gettimeofday.c
cfn=(192) gettimeofday
calls=1 +5 
* 66 6 4
cob=(3)
cfi=(131) /build/glibc-GKVZIf/glibc-2.23/string/../sysdeps/x86_64/multiarch/memset.S
cfn=(562) memset
calls=1 -4 
* 5 1 1
* 2
fe=(67)

fl=(6)
fn=(174) check_match
92 816
+3 714 204 6
+12 612 102 1
+3 544 102 16
cfi=(19)
cfn=(54)
calls=34 +34 
* 1356 158 59 12 12
* 68 34
+5 102
-1 102
+1 102 102 5
+2 196 98 1
+19 196
+1 784 98 10
+46 102
-7 102
+7 510
-18 8 4
+2 4
+1 16
-1 20 4 2
-29 294
cfi=(19)
cfn=(54)
calls=98 +6 
* 2415 300 18 1
* 294 98

fn=(10)
956 15 5
+4 5
+4 10
+2 5
-1 5
+3 15 5
+1 5
+1 5
+3 5
-3 5
+7 5
-4 5
-1 5
+3 5
+2 5
-7 5
+7 5
+1 5

fn=(172) do_lookup_x
355 763
+1 109
-1 545
+48 109
-30 109
-11 109
+41 109
+7 218
-7 218
-30 436
+37 436
-44 218
+3 218 109
-3 646
+3 646 323
+4 872 436 23
+4 862 431
+4 862 431 2
+6 1293 431
+8 431
-4 431
+1 431
+3 862
+1 1293
+3 431
+1 862 431
+2 862
+8 431
-8 431
+8 4310 431 127
-99 329
553 2404 911 58
+1 154
cfi=(34)
cfn=(106)
calls=77 288 
* 8667 1054 90 118 12
* 231 77 4
+3 990 330 21
+3 7
+1 872
-92 204 102
+50 752 274 21
+4 48 16
+12 204
+1 102
+1 204
413 660
+2 220 110 3
+2 1391
+13 309 103 5
-10 1025 205 94
+2 204
+1 510
-1 102
+1 714
-1 102
+1 306
cfn=(174)
calls=102 92 
* 9357 1304 118 13 12
+4 306 102 8
+34 10 5 3
+94 35
439 918

fn=(170)
806 1199
568 109
806 436
568 545 109
+1 109
-1 109
+1 327
-1 327 109 11
+1 1329
-1 1329
+1 3987
-1 4205 1329 141
808 109
+4 109
+4 109
-8 109
+1 218
+7 305 207 11
+7 109
-2 109
+2 109
-2 109 109
+6 109
-7 109
+7 218 109
-7 654
+15 7 7 2
-8 35 7 2
+2 1526
cfn=(172)
calls=109 355 
* 50890 7616 577 131 24
+3 327 109 4
+26 218 109 2
+22 102
+1 714 204
+31 102
+9 510 102
+14 306 102 5
+3 408 102
+5 102
+2 872
-85 49 14 2
+16 7
+1 14
+59 2

fl=(11)
fn=(22)
66 23
+1 23
+1 23
+1 23
+1 23
+1 23
+1 23
+2 23
+2 23 23 2
+30 21
+1 21
+1 21
+1 21
+1 21 21 9
+1 9
+1 9
+4 12
+1 12
+1 12
+1 12
+1 12
+1 12
+1 12
+1 12
+1 12
+1 12
+1 12
+1 12
+5 96 12
+4 2
+1 28
+1 16 2

fl=(1) ???
fn=(0) 0x0000000000000cc0
0 2
cfi=(2)
cfn=(2)
calls=1 337 
0 116623 19654 2198 352 88
0 14
cfi=(64) /build/glibc-GKVZIf/glibc-2.23/elf/dl-init.c
cfn=(238) _dl_init
calls=1 80 
0 64948 14169 2225 43 29
0 3 0 0 1 1
cob=(5) /home/samc/Repos/D2Q9-BGk/d2q9-bgk.exe
cfi=(65) ???
cfn=(374) _start
calls=1 0 
0 1547050686 177027590 2386337 2164705 291363

fl=(152) /build/glibc-GKVZIf/glibc-2.23/elf/dl-fini.c
fn=(658) _dl_fini
130 8
+17 1
+3 15 2 1
+3 2 0 0 1 1
cfi=(2)
cfn=(50)
calls=1 688 
* 2
+2 1
+3 2 1
+2 6 1
+8 1
-3 1
+3 8
+7 10 5
+2 10 5
+2 5
+1 5
+5 5
-6 5
-6 5
+8 5
-8 11 5 5
+14 9 2
+1 2 1 1
+4 1
31 1
+2 1
192 1
33 1 1 1
+6 1
-1 1
+2 1
-2 2
+1 8
+1 1
cfi=(27)
cfn=(74)
calls=1 +13 
* 15 3 3
* 1
+77 20 4 3
+3 24
cfi=(27)
cfn=(74)
calls=3 -67 
* 54 14 7
* 8
-76 12
+1 12
+4 16 8 2
+6 8
+1 8 4 1
+2 30
+1 15 6
+2 30 10 3
+1 21 7 4
201 3 0 0 1 1
cfi=(2)
cfn=(52)
calls=1 694 
* 2
+5 3 1
81 4
208 1
+2 3 1
-2 4
+2 12 4
+3 10
+3 15 5 5
+4 6 3
+9 3
+3 3
-3 3
+3 6
+2 12 3
+1 6 0 0 3 3
cob=(4) /lib/x86_64-linux-gnu/libm-2.23.so
cfi=(59) ???
cfn=(694) 0x0000000000005690
calls=1 0 
* 91 16 7 1 1
cob=(6) /usr/lib/valgrind/vgpreload_core-amd64-linux.so
cfi=(85) ???
cfn=(672) 0x0000000000000610
calls=1 0 
* 91 16 8 1 1
cob=(5)
cfi=(65)
cfn=(660) 0x0000000000401310
calls=1 0 
* 16 2 1
-1 12 3
+5 6 3
+1 9 0 0 3 3
cob=(2) ???
cfi=(16) ???
cfn=(710) 0x0000000004ca0d0c
calls=1 0 
* 3
cob=(2)
cfi=(16)
cfn=(692) 0x0000000004a287b8
calls=1 0 
* 3
cob=(2)
cfi=(16)
cfn=(670) 0x00000000004024ec
calls=1 0 
* 3
+6 30 10 1
+16 10
-56 13 5 4
+11 6 2 1
92 18 6 2
+21 6
-57 15 6 3
268 4 1
+2 1
-2 2 1
+6 2 1
+7 8

fl=(15)
fn=(32)
61 56
+1 4
cfi=(11)
cfn=(22)
calls=4 +4 
* 82 9 1
+6 4
-6 8
+6 8 4 3
+7 16
cfi=(17)
cfn=(36)
calls=4 +28 
* 209 20 11 8 2
* 4 0 0 4 1
+3 4
-3 4
+3 4 4
+4 4
+5 8
-6 4
+6 4
-5 4
+3 8
+2 4
cfi=(18)
cfn=(46)
calls=4 -26 
* 111 30 15
+10 4
-10 4
+10 4
-8 4
+9 8
-1 12
+1 12
+3 4
-4 4
+1 4
+3 4 4 4
+9 4
-7 4
+4 4
+3 10 4 3
+2 2
-2 2 1 1
+2 30
-2 30 15 9
+12 4
+6 4
-5 4
-1 4
+6 20 4 1
+2 3
+3 3
-3 3
+3 3 3
-3 6
+7 9 3
+4 6 3 3
+2 5 1
+6 1
+6 1
-3 2
+3 5 1 1
-3 6
+3 6 3
+2 9
cfi=(11)
cfn=(22)
calls=3 -91 
* 100 8 1
+4 3
-4 12
+4 9 3
+64 6
+4 32
68 40
+34 11
+39 12 3 3
+70 9
cfi=(25) /build/glibc-GKVZIf/glibc-2.23/string/../sysdeps/x86_64/memcpy.S
cfn=(70) mempcpy
calls=3 61 
* 97 24 11
* 53
+6 50
-1 50
+1 53 50 22
-1 3
+1 9 3 3
+5 6
-89 2 1 1
+32 6
cfi=(17)
cfn=(40) malloc
calls=3 -71 
* 87 9 3 3
* 3 0 0 3
+1 3
-1 3
+1 9 3
+2 1
-35 2

fn=(48)
32 20
+2 8 0 0 4 1
cfi=(2)
cfn=(50)
calls=4 688 
* 8
+2 4
-2 4
+2 27 4 3
+3 27 9 6
+2 3
+2 3
+4 3
+4 3
-4 6
+1 3
+4 6
-4 3
+1 3
+3 3
-3 3
+2 3 0 0 3
cfi=(2)
cfn=(52)
calls=3 694 
* 6
-4 1
+4 1
-4 2
+1 1
+4 2
-4 1
+1 1
+3 1
-3 1
+2 1 0 0 1 1
cfi=(2)
cfn=(52)
calls=1 694 
* 2
-5 2

fl=(17)
fn=(44) __libc_memalign
52 93
+1 123 31 1
+11 90
+3 30
-3 30
+3 60 30 4
-3 3
+3 1
-3 1
+3 114 29 25
+4 12
+1 6 3
+6 24
cfi=(26) /build/glibc-GKVZIf/glibc-2.23/misc/../sysdeps/unix/sysv/linux/wordsize-64/mmap.c
cfn=(72) mmap
calls=3 -45 
* 99 9 7
+2 15 3
+4 9
+3 3
+1 3
+2 15
-3 28
+1 28
+2 140
-31 2
-1 5

fn=(36)
103 10
+8 30
-4 10
+4 20 10 9
+3 10
cfn=(40)
calls=10 -20 
* 347 34 13 10 1
* 10 0 0 10 1

fn=(86) free
120 3
+2 9 3
+7 6

fn=(80)
354 12 6
+2 6
+1 12 6 2
+4 196 4
+7 516 172 5
-2 348 174 13
+6 4
+7 2
+4 2
-4 2
+4 4
-7 86
-15 262 86 6

fn=(40)
94 30
+1 60
cfn=(44)
calls=30 -43 
* 858 98 33
* 30 0 0 30 1

fl=(73) /build/glibc-GKVZIf/glibc-2.23/elf/dl-open.c
fn=(284) _dl_find_dso_for_object
182 5 1
+1 4 1
+1 16 8 3
+1 2 1 1
+3 2 1
+4 1
-9 9 3 3

fl=(7)
fn=(12)
86 8
+25 1
-1 1
+1 162 52 10
+6 1
-3 1
+1 1
-4 1
+3 1
+3 4 1
+1 2
-1 25
+1 105 18 1 17 13
-1 102 28 11
+62 1
+1 1
-1 1
+1 1
-29 1
+1 2
+11 1
+1 1
-1 1
+1 1
-7 1
+1 1
-1 1
+1 1
-4 1
+1 2
-25 1
+1 2
-4 1
+1 2
-7 1
+1 1
+2 1
+1 1
fi=(9)
-90 2
cfi=(10) /build/glibc-GKVZIf/glibc-2.23/elf/../sysdeps/unix/sysv/linux/x86_64/brk.c
cfn=(18) brk
calls=1 -4 
* 11 2
fi=(5)
223 5 2 1
fi=(8) /build/glibc-GKVZIf/glibc-2.23/elf/../sysdeps/x86/cpu-features.c
61 2
+3 1
-3 1
+3 9 1 1
175 3 1
+1 1
+3 2 1
+1 1
+2 2 1
+1 7
+7 3 1
+4 2
+2 4 1 1
+51 2 1 1
fe=(7)
-16 1
fi=(8)
+27 1
+1 1
+1 1
fe=(7)
-29 1 1
+1 1
cfi=(11)
cfn=(22)
calls=1 66 
* 32 2 1
* 1
+2 2
cfi=(12) /build/glibc-GKVZIf/glibc-2.23/elf/../misc/sbrk.c
cfn=(24) sbrk
calls=1 34 
* 17 3 1
* 3 1
+12 3 1
+3 5 0 0 1 1
cfi=(2)
cfn=(26)
calls=1 738 
* 115329 19398 2137 327 72
+1 1
+1 8
fi=(8)
-4 2 1
+1 4 2
+1 4 2 1
-49 2 1
+1 1
+6 3 1 1
+5 3 1
+16 2 1 1
+3 2 1 1
29 2
+4 1
-4 1
+5 1
-1 1
+2 1
-1 1
+1 1
-2 1
+1 1
+1 1
+1 1
-7 2
+3 1
+4 1 1
+5 1
+32 2
-32 1
+27 1
+5 1 1
+3 1
+1 8 1 0 1 1
+57 2
-66 2
+44 2 1 1
250 2 1
+1 4 1 1
fe=(7)

fn=(230)
256 1

fl=(25)
fn=(70)
61 53
+4 53 53 2
+3 51
+1 51 51 30
+2 14
+1 14
+2 14
+1 14
+5 14
+1 14 14 2
-1 37
+1 37 37 9
+2 34
+1 34
+2 34
+1 34
+5 34
+1 34 34 16
-1 17
+1 17 17 12
+2 12
+1 12
+2 12
+1 12
+5 12
+1 12 12 6
-1 39
+1 39 39 9
+2 28
+1 28
+2 28
+1 56
+5 28
+1 28 28 10
-1 23
+1 28 23 13
+5 5
+1 5
+1 5
+1 5
+2 5
+2 5
+1 5
+2 5 5
+6 51
+4 51
+12 3
+2 3
+1 3 3 2
+26 3
+1 3 3
+3 3
+1 3
+1 3 3
+5 3
+2 3
+1 3
+1 3
+1 3
+2 3
+1 3
+1 3
+1 3
+2 3
+1 3
+2 3 3 2
+22 3
+2 3 3 1
+2 2
+7 2

fl=(30)
fn=(92)
74 2

fn=(88)
50 10 5 5
+5 8 4 3
+5 2
-1 1
+1 2
+1 2
-1 1
+4 1
-13 5
+4 10 5 4
+4 1
-1 1
-58 5 1 1

fl=(18)
fn=(46)
61 22
+2 22
+2 22 22 6
+3 20
+1 20 20 13
+2 5
+1 5
+2 5
+1 5
+5 5
+1 5 5 3
-1 15
+1 15 15 8
+2 7
+1 7
+2 7
+1 14
+5 7
+1 7 7 4
-1 13
+1 13 13 11
+2 3
+1 3
+2 3
+1 3
+5 3
+1 3 3
-1 17
+1 17 17 7
+2 14
+1 14
+2 14
+1 14
+5 14
+1 14 14 9
-1 6
+1 15 6 2
+5 9
+1 9
+1 9
+1 9
+2 9
+2 9
+1 9
+2 9 9
+8 20
+8 9
+6 9
+2 9
+1 9 9 6
+3 3
+1 9
+5 3
+1 3
+2 3
+2 3
+1 3
+2 3 3 2
-8 7
+1 7
+2 7
+2 7
+1 7
+2 13 7 5
+9 3
+1 3 3
-1 6
+1 6 6
+3 9
+1 9
+1 9 9 2
+5 7
+2 7
+1 7
+1 7
+1 7
+2 7
+1 7
+1 7
+1 7
+2 7
+1 7
+2 7 7 4
+22 9
+6 9
+1 9 9 8
+2 2

fl=(14)
fn=(30)
24 19
+1 19 19
+1 19
+1 19 19 2
+1 19
+1 19
+1 19
+1 19 19
+3 19
+1 19 19 12
+1 6
+1 6
+1 6
+1 6 6
+1 6
+1 6
+1 6 6 1
+2 18
+1 18 18 6
+1 6
+1 6
+1 6
+1 6 6
+1 6
+1 6
+1 6 6
+2 18
+1 18 18 10
+1 6
+1 6
+1 6
+1 6 6 2
+1 2
+1 2
+1 2 2
+2 14
+1 14 14 6
+1 8
+1 8
+1 8
+1 8 8 4
+1 1
+1 1
+1 1 1 1
+2 6
+1 6
+1 6
+1 6
+1 6
+1 6
+1 6 6 3
+1 3
+1 3
+1 3
+1 3
+1 3
+7 3
+2 4
+4 12
+1 12 12 7
+1 3
+1 3
+1 3
+1 3
+1 3
+1 3
+1 3
+1 3
+1 3
+1 3
+1 3
+4 12
+1 12

fl=(31)
fn=(198)
890 3
+9 1
-9 1
+6 2
+8 5 1
+41 1
+1 3
+1 4

fn=(146) _dl_next_tls_modid
49 1
+3 4 1
+48 1
+4 2

fn=(162)
354 3
+2 1
+11 3
cfi=(17)
cfn=(44)
calls=1 52 
* 76 7 4
* 1 0 0 1
+1 2 1
+7 2
+4 1
-57 1
+57 296 288 10
-58 2
+1 2
cfi=(17)
cfn=(36)
calls=1 103 
* 38 4 2 2
* 1 0 0 1
+1 2 1
+3 1
+6 2
+64 5

fn=(160)
138 7
+6 3 1
+3 2 1
+36 3 1
+2 10 1
+3 1
-1 1
+5 2
-5 3
+3 3
+2 5 1
+16 3
+2 2
-2 2
+2 2 1 1
+10 1
-37 2
+25 1
-25 4 1
+40 4
+1 1
+51 1
+1 8

fn=(90)
115 2 1
+1 2

fn=(228)
450 2 1
-1 7
+5 1
+6 3
-6 1
+6 1 1
-4 1
+16 1
-15 3
+20 6 1
+6 16 2 1
+3 1
+1 2 1
+6 3 1
+3 1
-2 2
+2 4
+1 1
+3 1
-1 3 1
+4 2 1
+1 4 1
+2 2 1
+9 6
cfi=(25)
cfn=(70)
calls=1 61 
* 23 7 5
* 4
cfi=(27)
cfn=(74)
calls=1 53 
* 30 3 1
* 2
-38 3 1 1
+52 2
+2 1
+1 8

fl=(42)
fn=(232)
322 4 1 1
-1 1
+3 2
cfi=(38) /build/glibc-GKVZIf/glibc-2.23/misc/../sysdeps/unix/syscall-template.S
cfn=(234) munmap
calls=1 84 
* 5 1
+1 1
+2 2

fn=(140) _dl_load_cache_lookup
185 18
+8 4 2
+3 6 2 1
+45 4 1
+6 4 2
+9 2
+6 4
-6 8
+6 2
cfi=(24)
cfn=(68)
calls=2 84 
* 18 2 2
+19 2
-19 2
+19 288 28
cfn=(144) _dl_cache_libcmp
calls=18 138 
* 1284 358 44
* 84 42 15
-15 8
+15 32 6 2
cfn=(144)
calls=1 138 
* 71 20 2
* 10
cfn=(144)
calls=2 138 
* 215 59 8
* 16 5 3
-82 4
cfi=(34)
cfn=(142) _dl_sysdep_read_whole_file
calls=1 45 
* 94 10 3
+8 1
-8 1
+8 4 2
+1 4
cfi=(14)
cfn=(30)
calls=1 24 
* 38 13 3
* 2 1
+7 1
-3 1
+3 3
+3 1
+1 2
-1 1
+1 1 1
+1 4
cfi=(14)
cfn=(30)
calls=1 24 
* 32 10 5
* 2 1 1
+61 42 12 4
+16 4 2
+4 4 2
+8 6
cfi=(11)
cfn=(22)
calls=2 66 
* 68 6 2
* 4
+1 2
-1 8
+1 4
cfi=(18)
cfn=(46)
calls=2 61 
* 130 25 7
+1 4
cfi=(29) /build/glibc-GKVZIf/glibc-2.23/string/strdup.c
cfn=(82) strdup
calls=2 40 
* 218 26 8 4
+1 16
-31 18 2 2

fn=(144)
138 63
+1 48 24 2
+2 214
+2 107
-2 107 107 20
+2 6 3
+6 3
+2 3
-1 3
-1 3
+1 3
+1 12 3 2
+2 15 3 2
+2 6 3 2
+6 208 104
+2 380 104 18
+4 86
+1 86
-29 172 86 8
+32 9
-7 36

fl=(44)
fn=(164)
149 50
+15 5
-15 10
+15 5 5
+1 30
+6 10 5
+6 15 5 2
-18 10
+22 10 5
+7 5
-32 5
+32 5 5 2
+44 5
fi=(5)
76 15
fe=(44)
232 10
fi=(5)
76 15 10 1
+6 8
+4 12 4 1
+14 4
-8 4
+10 4
-2 8 4
+20 8 4 2
+9 3 1 1
fe=(44)
258 206 66 28
-98 24
fi=(5)
301 32
fe=(44)
-43 4
fi=(4)
58 4
-10 4
-1 8
+11 4
-11 4
+11 4 4 3
fe=(44)
258 1
-98 6
fi=(5)
301 8
fe=(44)
-43 1
fi=(4)
58 1
-10 1
-1 2
+11 1
-11 1
+11 1 1 1
fe=(44)
258 5
fi=(4)
58 5
-10 5
-1 10
+11 5
-11 5
+11 5 5 1
+3 20 4 3
fi=(5)
528 72
+4 72 36
+2 108 36 1
+1 36
fi=(4)
61 168 56 4
+2 232 58 9
+2 70 22 7
-4 6 2 2
+13 8 4 2
+1 10 4 2
+1 44 22
fi=(5)
528 22
+26 22
fi=(4)
75 22
fi=(5)
554 44 0 0 22 22
cob=(4)
cfi=(59)
cfn=(226) sin
calls=1 0 
* 8 2 1
cob=(4)
cfi=(59)
cfn=(224) __atan2_finite
calls=1 0 
* 8 2 1
cob=(4)
cfi=(61) /build/glibc-GKVZIf/glibc-2.23/math/../sysdeps/x86_64/fpu/multiarch/e_asin.c
cfn=(222) __asin_finite
calls=1 16 
* 5 1
cob=(4)
cfi=(63) /build/glibc-GKVZIf/glibc-2.23/math/../sysdeps/x86_64/fpu/multiarch/s_floor.S
cfn=(220) floor
calls=1 25 
* 5 1 1
cob=(4)
cfi=(62) /build/glibc-GKVZIf/glibc-2.23/math/../sysdeps/x86_64/fpu/multiarch/s_floorf.S
cfn=(218) floorf
calls=1 25 
* 5 1 1
cob=(4)
cfi=(61)
cfn=(216) __acos_finite
calls=1 10 
* 5 1 1
cob=(4)
cfi=(60) /build/glibc-GKVZIf/glibc-2.23/math/../sysdeps/x86_64/fpu/multiarch/s_rintf.S
cfn=(214) rintf
calls=1 25 
* 5 1 1
cob=(4)
cfi=(59)
cfn=(212) __log_finite
calls=1 0 
* 8 2 1
cob=(4)
cfi=(58) /build/glibc-GKVZIf/glibc-2.23/math/../sysdeps/x86_64/fpu/multiarch/e_pow.c
cfn=(210) __pow_finite
calls=1 8 
* 5 1
cob=(4)
cfi=(57) /build/glibc-GKVZIf/glibc-2.23/math/../sysdeps/x86_64/fpu/multiarch/s_ceil.S
cfn=(208) ceil
calls=1 25 
* 5 1 1
cob=(4)
cfi=(56) /build/glibc-GKVZIf/glibc-2.23/math/../sysdeps/x86_64/fpu/multiarch/s_ceilf.S
cfn=(206) ceilf
calls=1 25 
* 5 1 1
cob=(4)
cfi=(55) /build/glibc-GKVZIf/glibc-2.23/math/../sysdeps/x86_64/fpu/multiarch/s_rint.S
cfn=(204) rint
calls=1 25 
* 5 1 1
cob=(4)
cfi=(54) /build/glibc-GKVZIf/glibc-2.23/math/../sysdeps/x86_64/fpu/multiarch/s_sin.c
cfn=(202) cos
calls=1 12 
* 8 2 1
cob=(4)
cfi=(53) /build/glibc-GKVZIf/glibc-2.23/math/../sysdeps/x86_64/fpu/multiarch/e_exp.c
cfn=(200) __exp_finite
calls=1 9 
* 8 2 1
cob=(3)
cfi=(52) ???
cfn=(196) memcpy@GLIBC_2.2.5
calls=1 0 
* 18 3
cob=(3)
cfi=(51)
cfn=(192)
calls=1 37 
* 66 6 3
cob=(3)
cfi=(50) /build/glibc-GKVZIf/glibc-2.23/string/../sysdeps/x86_64/multiarch/strspn.S
cfn=(190) strspn
calls=1 30 
* 6 1
cob=(3)
cfi=(49) /build/glibc-GKVZIf/glibc-2.23/string/../sysdeps/x86_64/multiarch/strcspn.S
cfn=(188) strpbrk
calls=1 45 
* 6 1
cob=(3)
cfi=(45) /build/glibc-GKVZIf/glibc-2.23/string/../sysdeps/x86_64/multiarch/strcmp.S
cfn=(186) strncasecmp
calls=1 129 
* 5 1 1
cob=(3)
cfi=(49)
cfn=(184) strcspn
calls=1 45 
* 6 1
cob=(3)
cfi=(46) /build/glibc-GKVZIf/glibc-2.23/time/../sysdeps/unix/sysv/linux/x86/time.c
cfn=(178) time
calls=1 38 
* 66 6 4
cob=(3)
cfi=(45)
cfn=(176) strcasecmp
calls=1 109 
* 5 1 1
fi=(4)
75 22
fi=(5)
555 22
fi=(4)
75 28 22 15
fe=(44)
258 4 2
fi=(4)
75 16
fe=(44)
258 16 8 4
+3 20 5
+24 5
+3 10 5
+17 15 5 5
+2 40
fi=(4)
84 6
-1 6
+3 12
-3 6
+3 6
+12 18 6 2
+10 8 4 1
+3 11 4 1
fi=(5)
512 3
fi=(4)
112 6
fi=(5)
512 1198 3
fi=(4)
112 2384
fi=(5)
512 2384 1192
+5 2390 1195
+1 2390
fi=(4)
111 2390
fi=(5)
518 1195
fi=(4)
111 1195 1195 8
+7 18 6 1
+6 5
-3 10
+3 13 5 1
fi=(5)
447 12
fi=(4)
127 420 105 1
+9 210
+3 105
-3 105
+3 105
fi=(5)
269 105
fi=(4)
138 105
-2 105
+1 420
fi=(5)
269 105 105
+21 210 105
+4 210 105
+7 2050 452 9
fi=(4)
137 87
fi=(5)
301 174
fi=(4)
137 87
fi=(5)
301 87
fi=(4)
137 87
fi=(5)
301 174 87
fi=(4)
137 1
fi=(5)
301 2
fi=(4)
137 1
fi=(5)
301 1
fi=(4)
137 1
fi=(5)
301 1234 1
cfi=(6)
cfn=(170)
calls=88 806 
* 54377 7836 560 34 7
* 704
+2 273 91 2
+3 101
-3 202
+3 303 101
+6 630 105 0 105 7
fe=(44)
178 10 5 3
fi=(5)
435 267
fi=(4)
124 323 105 11
+19 8 4 4
fi=(5)
301 57 4 1
fi=(4)
108 3 1
fi=(5)
407 45 15 1
+4 75 15
+14 75
+49 3 1
+4 7
cfi=(18)
cfn=(46)
calls=1 61 
* 18 6 4
+2 4 1
+1 1 1 1
fe=(44)
313 25
+3 5
-3 10
+3 5
+4 10 5
+1 20
cfi=(38)
cfn=(124) mprotect
calls=5 84 
* 25 5
* 15 5 2
fi=(5)
123 20
+6 16 4
fe=(44)
258 3
fi=(4)
129 10
fi=(5)
301 87 12 6
fi=(4)
160 7 1
+2 20 5
+8 10
+1 5
-1 5
+1 5
fi=(5)
+98 5
fi=(4)
-99 15
fi=(5)
+99 5 5
+21 10 5
+4 10 5
+7 180 25
cfi=(6)
cfn=(170)
calls=5 806 
* 2644 370 25 1 1
* 35
+2 15 5 2
+3 2
-3 4
+3 6 2
+6 30 5 0 5 1
435 15
fi=(4)
160 17 5 3
+14 2 1 1
fi=(5)
301 6
fe=(44)

fl=(22)
fn=(104)
2167 42
+8 6
-8 12
+8 6 6
+1 24 6
+3 93 21 6
+5 126 18
+2 54
cfi=(34)
cfn=(106)
calls=18 288 
* 2301 283 102 32 10
* 36 18 3
+4 30 15
+1 45 15 10
+3 6
+2 24
cfi=(19)
cfn=(54)
calls=6 144 
* 190 24 8 2 1
* 12 6 4
2478 48
2213 15 3 3
+9 3
-53 3
+53 6 3
+36 6
-2 3
+2 3
cfi=(28) /build/glibc-GKVZIf/glibc-2.23/string/../sysdeps/x86_64/multiarch/../strchr.S
cfn=(76) index
calls=3 24 
* 69 6
* 6 3 2
2409 2 1
372 3
cfi=(28)
cfn=(76)
calls=1 24 
* 47 3 2
* 2 1
+4 2
cfi=(29)
cfn=(82)
calls=1 40 
* 128 19 9 2
2410 1
-3 1
+3 2 1
+4 9
cfn=(108) open_verify.constprop.7
calls=1 1695 
* 299 65 19
+3 1
-3 1
+3 3 1
+12 3
+46 1
+1 3
-1 1
+1 9
cfn=(114) _dl_map_object_from_fd
calls=1 871 
* 1444 255 86 7
-1 2
+1 6
-1 2
+1 18
cfn=(114)
calls=2 871 
* 3209 552 156 14
* 12
2262 4
cfi=(11)
cfn=(22)
calls=2 66 
* 32 4
* 2
+2 2
-2 2
+2 2 2
+7 8 4 2
+35 4 2
+1 28 2
cfn=(136) open_path
calls=2 2018 
* 3090 508 117
+6 4
-6 2
+6 6 4
638 2
2314 2
638 4 2 2
2401 4 2 1
+28 6
+2 8 2
2275 2
+5 2
-5 2
+5 2 2
+3 4
-3 2
+3 14
-3 6 2 2
638 2
2281 2
638 4 2 2
2336 2
-14 2
+14 2 2
+2 6 2
+4 4
cfi=(42)
cfn=(140)
calls=2 185 
* 2806 640 112 4
+2 2
-2 2
+2 2 2
+4 4 2
+8 6 2
+23 20
cfn=(108)
calls=2 1695 
* 720 168 40
+4 2
-4 2
+4 6 2
+1 4
-89 6 2
+1 16 4
638 2
2297 2
638 4 2 2

fn=(64)
661 1
+13 2
-13 8
+13 3
cfi=(23) /build/glibc-GKVZIf/glibc-2.23/elf/dl-hwcaps.c
cfn=(66) _dl_important_hwcaps
calls=1 39 
* 398 61 32 2
+5 1
-5 1
+5 1
cfi=(17)
cfn=(40)
calls=1 94 
* 29 3 1 1
* 1 0 0 1
+1 1
-2 1
+2 2 1
+8 1
-1 1
+1 2
-1 1
+1 1
-1 3
+5 1
-5 1
+5 1
cfi=(17)
cfn=(40)
calls=1 94 
* 80 7 3 1
* 1 0 0 1
+2 1
-3 1
+3 1 1
+17 1
+12 1
-9 2
+6 1
-19 1
+10 1
+12 1
-11 1
+2 1
+1 4
-15 1
+23 4
-3 21 1
cfi=(27)
cfn=(74)
calls=4 53 
* 60 12 6
* 4
+3 27 4 1
-14 3
+2 3
+1 3
+2 6
-3 3
+4 9
+4 3
-3 3
+3 3 3
+1 3
-4 9
+4 3 3 3
+10 1
+4 1
-11 1
+6 1
+6 1
-12 1
+12 1 1
+2 4 1
+2 3 1 1
+38 5 2
+8 3
cfi=(28)
cfn=(76)
calls=1 24 
* 47 3 2
* 2 1
+2 2
cfi=(11)
cfn=(22)
calls=1 66 
* 34 3 1
* 8
cfi=(18)
cfn=(46)
calls=1 61 
* 47 11 7
* 1
+4 6
+17 1
-4 4 1 1
-13 160
+17 40
-4 161 40 8
+8 1
cfi=(17)
cfn=(40)
calls=1 94 
* 29 3 1 1
* 1 0 0 1
+1 1
-2 1
+2 1 1
+6 9
cfn=(78) fillin_rpath
calls=1 433 
* 1783 387 86 15 1
+4 5 1
+6 1
+4 8
-75 1
-2 1
+2 2 1 1
+14 2

fn=(114)
871 33
+10 3
-10 3
+10 3
-10 9
+10 3
cfi=(30)
cfn=(88)
calls=3 50 
* 24 9 8
fi=(35) /build/glibc-GKVZIf/glibc-2.23/elf/../sysdeps/posix/dl-fileid.h
37 9
fe=(22)
881 3
fi=(35)
37 3
cfi=(36) /build/glibc-GKVZIf/glibc-2.23/io/../sysdeps/unix/sysv/linux/wordsize-64/fxstat.c
cfn=(120) _fxstat
calls=3 -3 
* 30 6
* 6 3
+4 3
fe=(22)
897 3
fi=(35)
40 3
+1 3
fe=(22)
897 48 12 5
+1 18 9
fi=(35)
49 24 12 7
fe=(22)
1443 24
915 6 3
+24 6 3
+10 6 3 2
+22 12 3
+32 6 3
882 3
1006 21
cfi=(15)
cfn=(32)
calls=3 61 
* 1225 177 74 15
+1 3
-1 3
+1 3 3
+11 6
+1 3
-1 3
+2 3
-1 3
+4 3
-1 6
-2 3
+2 6
+1 9 3
+1 3
+19 3
-2 3
+10 3
-8 18
+8 3
-8 9
+8 3 3
+87 3
+8 3
-8 12
+8 3
-8 9
-86 45 21 5
-1 192 24 2
+1 135 67 24
+6 6
+1 9
+1 3
+9 30 6
+5 48 6
+9 18
-1 18
+1 6
+1 12
+2 6
-2 6
+1 6
-1 6
+3 6
+4 6
-7 6
+2 6
+1 6
+4 6 6 3
+1 18
+4 9
-14 3
+14 18
+11 3
-11 9
-14 3
+14 18
+11 3
-44 2
+1 1
+46 3 1
+4 1
+1 1
+1 1
-1 2
+1 1 1
+3 3
+1 1
+3 1
-3 1
+7 4 1
+6 1
cfi=(31)
cfn=(146)
calls=1 49 
* 8 1
* 2
+1 1
+59 6
+1 9
+1 3
-6 6
+1 3
+8 9 3
1019 3
1207 3
1019 3
1207 3 3
+10 9
fi=(37) /build/glibc-GKVZIf/glibc-2.23/elf/./dl-map-segments.h
56 6
fe=(22)
1217 9
fi=(37)
56 3
fe=(22)
1217 3
fi=(37)
56 3
fe=(22)
1217 6
fi=(37)
56 18
cfi=(26)
cfn=(72)
calls=3 -23 
* 105 12 4
+4 3
-4 3
+4 6 3
+3 6
+1 3
+2 3
-2 3
-1 3
+3 3 3 2
+10 6
fi=(39) /build/glibc-GKVZIf/glibc-2.23/elf/./dl-load.h
+14 12 6 2
+1 9
+2 12 6 3
fi=(37)
+7 24 6 3
+6 3
+2 3
-2 3
+1 3
+2 3
-1 3
+1 3
-1 9
+8 6 3 2
+17 6 3 1
+12 6
-59 30 6 3
+2 6
+2 3
-2 6 3
+2 30
cfi=(26)
cfn=(72)
calls=3 -57 
* 93 6
* 9 3 2
fe=(22)
1229 12 3 1
+9 6
fi=(3)
39 3
fe=(22)
1238 3
fi=(3)
39 3 3
+6 3
-2 3
+2 6 3
+15 3
+5 3
+3 3
-1 3
-3 3
-3 62
+10 14
-26 42 14 3
+16 57
+10 57
-26 171 57
+26 3
-26 9 3
+2 148 74 28
+13 68 17 7
+2 12 3 2
+3 12 3 2
+13 6 3
+20 11 3 1
+1 12 3
+1 12 3
+1 12 3
+2 12 3
+5 12 3
+1 11 3 1
+1 12 3
+6 9 3
+5 6 3
+7 6 3 1
+1 9 3
+16 9 3 1
+5 2
+2 2
-2 2
+2 2 2 2
+2 4 2 2
+2 4 2
+3 9 3 2
+10 1
-8 4
+8 1 1
+5 2 1
+3 6 3 3
fe=(22)
1245 6 3 3
+15 9 3
+19 6
+2 15 3
+54 9 3 2
+1 2
+3 2
cfi=(24)
cfn=(130) close
calls=1 84 
* 5 1
* 4
cfi=(24)
cfn=(130)
calls=2 84 
* 10 2
* 6 3
+9 6 3
+2 9
+2 3
-2 3
+2 3 3
+16 6
cfi=(6)
cfn=(10)
calls=3 956 
* 69 6
+4 6 3
+1 6 3 2
+17 6 3 1
+9 3
-5 9
+5 3 3
+10 6 3
+10 9
cfi=(15)
cfn=(48)
calls=3 32 
* 129 12 9 6
+4 12 3 3
fi=(3)
68 12 3
+2 15
fe=(22)
1391 2
fi=(37)
119 6 3
+8 24
cfi=(27)
cfn=(74)
calls=3 -74 
* 298 43 13
* 12
-54 12
-1 18
cfi=(38)
cfn=(124)
calls=3 +12 
* 15 3
* 3
fi=(39)
+22 10 2
+1 22 2
+3 8
fi=(37)
+39 9
cfi=(26)
cfn=(72)
calls=1 33 
* 31 2
+3 3 1 1
fe=(22)
1233 4

fn=(78)
433 8
+2 1
-2 9
+5 1
cfi=(17)
cfn=(80)
calls=1 -84 
* 418 129 14
* 4 1
-66 3
cfi=(28)
cfn=(76)
calls=1 24 
* 47 3 2
* 6
cfi=(28)
cfn=(76)
calls=2 24 
* 46 4
* 6 3
+4 6
cfi=(29)
cfn=(82)
calls=3 40 
* 288 38 11 6
* 3
+68 6
cfi=(11)
cfn=(22)
calls=3 66 
* 66 7 1
+4 3
-4 3
+4 3 3 2
+15 3 1
-12 1
+19 54 18 6
+1 34 15 12
cfi=(14)
cfn=(30)
calls=1 24 
* 43 12 3
* 2 1 1
+55 6
+2 6
cob=(2)
cfi=(16)
cfn=(84) 0x0000000004000ab0
calls=3 0 
* 21 3 0 3 1
* 6
-90 3
cfi=(17)
cfn=(80)
calls=3 -84 
* 262 79 7
* 9 3 2
+94 1
+3 9
-46 6 3 2
+4 6
-1 12
cfi=(17)
cfn=(40)
calls=3 94 
* 87 9 2 3
* 3 0 0 3
+3 3
-3 3
+3 6 3
+5 3
+1 6
-2 3
+2 3
cfi=(25)
cfn=(70)
calls=3 61 
* 77 19 9
+3 3
-3 3
+1 3
+2 3 3 3
+6 6
+1 3
-1 6
+1 39 6
+1 33 12 3
-1 6 3 2
+3 6
+1 9 3 2
+7 3
+1 3
-1 6
-67 12 4
+8 2
-3 6
+3 4 2 2
+26 6
-34 4
+65 6
-9 6

fn=(136)
2018 16
+1 2
+6 2
-6 2
+6 2 2
+5 18
+52 2
-59 2
-1 2
+60 2
-52 16
+74 8
-62 2
-9 2
+9 6 2
-9 4
+9 4 4
+7 24
cfi=(25)
cfn=(70)
calls=6 61 
* 154 38 12
+1 6
-1 6
+1 30 6
+20 16 8 2
-20 100 24 7
+3 48 24 6
+5 36
-1 18
+1 36
-1 54
cfi=(25)
cfn=(70)
calls=18 61 
* 368 108 43
* 72
cfi=(25)
cfn=(70)
calls=18 61 
* 414 108 20
-1 18
+7 18
-7 18
+7 18 18
+3 162
cfn=(108)
calls=18 1695 
* 792 72 6
* 18
+2 90 18 8
+26 40
+2 20 10 2
+39 42 18 1
+7 6
-2 6
+2 18 6 4
+3 6 2
+14 2
-27 2
+27 14
-84 16 8
+1 72 8
+6 8
+2 8
-2 8
+2 16
-2 8
+2 8
cfi=(41)
cfn=(138)
calls=8 34 
* 98 16 4
* 16 8 2
+1 2
+2 2
-2 2
+2 14
+7 6
-7 6
+7 18
-30 6
+23 12

fn=(108)
1695 231
+39 21
-39 63
+39 82 41 5
+31 84
cfi=(24)
cfn=(110) open
calls=21 84 
* 177 21 2
+2 21
-2 21
+2 24 21 2
+10 3
+1 6
+5 24
cfi=(24)
cfn=(112) read
calls=3 84 
* 15 3
+2 6 3
+2 3
+2 3
-2 6
+2 3 3
+6 6 3
+16 12
cfi=(14)
cfn=(30)
calls=3 24 
* 90 27 9
* 27 6 2
cfi=(14)
cfn=(30)
calls=3 24 
* 108 36 2
* 6 3
+74 6 3
+5 6 3
+2 12 3
+6 6 3
+11 6 3
+6 3
+1 3
-1 12
+1 3
-1 3
+1 6 3
+1 9
+20 135 18 1
+2 49 23 12
+4 12 3
+1 9
+12 21
+4 9 3 1
+5 2
+1 2
-13 8
cfi=(14)
cfn=(30)
calls=2 24 
* 50 16 9
* 12
cfi=(14)
cfn=(30)
calls=3 24 
* 90 24 8
* 10 5 2
+16 4 2
+3 14
+3 6 2
+1 10 4
-39 3
+67 42
-23 18
+23 126
1804 2
+7 8
cfi=(14)
cfn=(30)
calls=2 24 
* 48 18 8
* 4 2 2

fl=(23)
fn=(66)
39 6
+3 1
-3 2
+3 1
-1 1
+1 1
+9 1
-12 4
+12 2 1 1
+10 4 1 1
162 2 1 1
-47 3
cfi=(24)
cfn=(68)
calls=1 -31 
* 9 1 1
* 2 1 1
+55 3 1
+2 2
+1 5
+4 2
+4 1
-4 1
+1 1
+3 1 1
+3 1
+1 1
-1 1 1
+4 3
+1 1
-1 9
+1 1 1 1
+18 10
+1 2
-1 1
+1 3
cfi=(17)
cfn=(40)
calls=1 94 
* 29 3 1 1
* 1 0 0 1
+1 1
-1 1
+1 5 1
+29 1
+3 1
-3 2
+3 1 1 1
+23 7
+6 2
-1 2 1 1
+1 6
-1 8 3 2
+5 6
+3 1
-3 1
+3 1 1
-3 3
+3 1
-3 1
+3 5 1
+1 12 4 1
+1 4
-1 4
+1 8
-2 4
+1 8 4 1
-1 14 4 2
+4 4 2 1
+4 1
-1 1
+2 1
-2 1
+1 1
+1 1
-2 1
+2 10 1 1
+13 2
+1 1
-1 1
+3 2 1 1
-3 2
+1 1
-1 1
+3 2 1
+3 4
+3 1
-1 1
+1 9
113 1
+17 1
+1 1
-1 9
243 6
cfi=(25)
cfn=(70)
calls=1 61 
* 22 6 3
* 4
cfi=(25)
cfn=(70)
calls=1 61 
* 18 6 4
+1 4
cfi=(25)
cfn=(70)
calls=1 61 
* 22 6 3
* 4
cfi=(25)
cfn=(70)
calls=1 61 
* 18 6 4
* 12

fl=(64)
fn=(240) call_init.part.0
28 25
+8 5
+3 5
-3 10
+3 15 5 1
+5 28 4 1
+5 6 3
+9 18 0 0 3 3
cob=(2)
cfi=(16)
cfn=(356) 0x0000000004c2f428
calls=1 -58 
* 12 2 0 1 1
cob=(3)
cfi=(86) /build/glibc-GKVZIf/glibc-2.23/csu/../csu/init-first.c
cfn=(334) _init
calls=1 -6 
* 176 15 8
cob=(2)
cfi=(16)
cfn=(242) 0x0000000004a28530
calls=1 -58 
* 63251 13841 2137 35 21
* 3
+4 6 3
+6 3
+2 6
-2 6
+3 15 3
+1 12 0 0 3 3
cob=(4)
cfi=(59)
cfn=(364) 0x00000000000056d0
calls=1 -72 
* 17 2
cob=(3)
cfi=(92) /build/glibc-GKVZIf/glibc-2.23/string/../sysdeps/x86_64/cacheinfo.c
cfn=(346) init_cacheinfo
calls=1 482 
* 1159 268 68
cob=(6)
cfi=(85)
cfn=(326) 0x0000000000000650
calls=1 -72 
* 17 2 1
* 4 0 0 1 1
cob=(3)
cfi=(94) /build/glibc-GKVZIf/glibc-2.23/elf/dl-altinit.c
cfn=(354) dlinit_alt
calls=1 -39 
* 4 1 1
* 4
-1 8 4 1
+3 30
-29 3 1 1
-5 3 1

fn=(238)
80 11
+1 1
+1 1
+3 3 1 1
+8 2 1 1
+1 2
+25 18 6 2
+1 15
-90 26 5 1
cfn=(240)
calls=4 -2 
* 1530 306 81 6 6
* 4
+96 8
-96 2 1 1
+58 2
+16 1
cfn=(240)
calls=1 -76 
* 63321 13849 2138 37 23
* 1

fl=(34)
fn=(142)
45 2
+7 1
-7 3
+7 1
-7 3
+7 1
cfi=(24)
cfn=(110)
calls=1 +32 
* 5 1
+1 2 1
+2 5
cfi=(36)
cfn=(120)
calls=1 -21 
* 10 2
* 2 1
+2 1
+3 1
-3 1
+3 1 1 1
+13 2
cfi=(24)
cfn=(130)
calls=1 +11 
* 5 1
+3 7
-14 6
cfi=(26)
cfn=(72)
calls=1 -29 
* 33 3 2
* 2

fn=(106)
288 580
+1 232
cfi=(19)
cfn=(54)
calls=116 144 
* 4940 551 131 92 24
* 116
+1 116
-1 116 116
+3 116
+2 232 116 17
+4 116
-4 232 116 23
+1 372
cfi=(19)
cfn=(54)
calls=124 144 
* 5177 596 79 84 6
* 248 124 20
-5 8
+11 148
-1 108
+1 432

fl=(9)
fn=(60)
45 7
+2 3 1 1
+85 8
-45 3
cfi=(21) /build/glibc-GKVZIf/glibc-2.23/posix/../sysdeps/unix/syscall-template.S
cfn=(62) uname
calls=1 -3 
* 5 1
* 1
+15 1
-15 1 1
+20 1
-1 1
+3 12 3
+4 3
-2 6
+2 9 3 3
+7 3
-1 3
+4 3
-2 3
+2 10 5 3
+5 2 1 1

fl=(19)
fn=(54)
144 389
+1 389
+2 389
+1 389
+21 389
+1 389 389 106
+1 266
+1 266 266 28
+1 201
+1 201
+1 201
+1 201
+21 201
+1 201
+1 201
+1 201
+1 201
+1 201
+1 201 201 45
+5 7
+1 7
+9 7
+1 7
+1 7
+1 7
+1 7
+1 7
+1 7
+1 7 7 1
-7 188
+1 188
+1 188
+1 188
+1 188
+1 188
+1 188
+1 188 188 1
+1 193 193 35
+1 157
+1 157
+1 157
+2 157
+1 157
+1 157
+1 157
+1 157
+1 157 0 0 157 29
-5 36
+1 36
+1 36
+1 36
+1 36
+1 36 0 0 36 16
+10 2
+1 2
+1 2
+2 2
+6 2
+1 2
+1 2
+1 2
+1 2
+5 2 2 1
+2 1
+1 1
+1 2
+8 1
+1 1
+3 1
+1 1
+1 1
+1 1
+1 1
+1 1 1 1
821 2
+1 2
+1 2
+1 2
+1 2
+2 2
+1 2
+1 2
+1 2
+1 2
+1 2
+1 2 2
+1 2
+4 2
+1 2
+1 2
+6 2
+1 2
+1 4
+4 2
+1 2 2
+3 2
+1 2
+1 2
+3 2
+1 2
+1 2
+6 2
+1 2
+1 2
+1 2
+1 2
+1 2 2 1
1071 2
+1 2
+1 2
+1 2
+1 2
+2 2
+1 2
+1 2
+1 2
+1 2
+1 2
+1 2 2 2
+1 1
+4 1
+1 1
+1 1
+6 1
+1 1
+1 2
+4 1
+1 1 1
+3 1
+1 1
+1 1
+3 1
+1 1
+1 1
+6 1
+1 1
+1 1
+1 1
+1 1
+1 1 1 1
+72 4
+1 4
+1 4
+1 4
+1 4
+2 4
+1 4
+1 4
+1 4
+1 4
+1 4
+1 4 4 4
1321 31
+1 31
+1 31
+1 31
+1 31
+2 31
+1 31
+1 31
+1 31
+1 31
+1 31
+1 31 31 10
1446 14
+1 14
+1 14
+1 14
+1 14
+2 14
+1 14
+1 14
+1 14
+1 14
+1 14
+1 14 14 10
+1 1
+4 1
+1 1
+1 1
+6 1
+1 1
+1 2
+4 1
+1 1 1
+3 1
+1 1
+1 1
+3 1
+1 1
+1 1
+6 1
+1 1
+1 1
+1 1
+1 1
+1 1 1 1
+72 4
+1 4
+1 4
+1 4
+1 4
+2 4
+1 4
+1 4
+1 4
+1 4
+1 4
+1 4 4 3
+1 3
+4 3
+1 3
+1 3
+6 3
+1 3
+1 6
+4 3
+1 3 3
+3 3
+1 3
+1 3
+3 3
+1 3
+1 3
+6 3
+1 3
+1 3
+1 3
+1 3
+1 3 3 3
+72 16
+1 16
+1 16
+1 16
+1 16
+2 16
+1 16
+1 16
+1 16
+1 16
+1 16
+1 16 16 7
+1 1
+4 1
+1 1
+1 1
+6 1
+1 1
+1 2
+4 1
+1 1 1
+3 1
+1 1
+1 1
+3 1
+1 1
+1 1
+6 1
+1 1
+1 1
+1 1
+1 1
+1 1 1
+72 6
+1 6
+1 6
+1 6
+1 6
+2 6
+1 6
+1 6
+1 6
+1 6
+1 6
+1 6 6 3
+1 4
+4 4
+1 4
+1 4
+6 4
+1 4
+1 8
+4 4
+1 4 4
+3 4
+1 4
+1 4
+3 4
+1 4
+1 4
+6 4
+1 4
+1 4
+1 4
+1 4
+1 4 4 4
+72 5
+1 5
+1 5
+1 5
+1 5
+2 5
+1 5
+1 5
+1 5
+1 5
+1 5
+1 5 5 1
+1 5
+4 5
+1 5
+1 5
+6 5
+1 5
+1 10
+4 5
+1 5 5
+3 5
+1 5
+1 5
+3 5
+1 5
+1 5
+6 5
+1 5
+1 5
+1 5
+1 5
+1 5 5 4
+72 109
+1 109
+1 109
+1 109
+1 109
+2 109
+1 109
+1 109
+1 109
+1 109
+1 109
+1 109 109 12
2200 18
+2 18
+1 18
+1 18
+1 18 18 7
-3 177
+1 177
+1 177
+1 177 177 14
+1 471
+5 157
+6 157
+1 157
+8 157
+1 157
-16 232
+6 232
+1 232
+8 232
+1 232

fl=(38)
fn=(124)
84 32 8
+1 8

fn=(234)
84 4 1
+1 1

fl=(29)
fn=(82)
40 24
+1 6
cfi=(11)
cfn=(22)
calls=6 +25 
* 168 16 3
* 6
+1 12
cfi=(17)
cfn=(40)
calls=6 +52 
* 174 18 6 6
* 6 0 0 6
+2 12 6
+4 6
-1 12
+1 12
-1 12
cfi=(18)
cfn=(46)
calls=6 +14 
* 184 43 19

fl=(36)
fn=(120)
34 4
-1 4
+1 4 4
+1 24 4
+4 4

fl=(66) /build/glibc-GKVZIf/glibc-2.23/elf/../sysdeps/x86_64/dl-trampoline.h
fn=(256) _dl_runtime_resolve_avx
64 3
+3 3
+2 3
+2 3
+3 3
+1 3
+1 3
+1 3
+1 3
+1 3
+1 3
+1 3
+1 3
+1 3
+1 3
+1 3
+1 3
+1 3
+1 3
+5 3
+1 3
+1 3
+1 3
+14 3
+1 3
+1 3
cfi=(67)
cfn=(258)
calls=3 -46 
* 3326 449 36 20 4
+1 3
+5 3
+1 3
+1 3
+1 3
+13 3
+1 3
+1 3
+1 3
+1 3
+1 3
+1 3
+1 3
+1 3
+1 3
+1 3
+1 3
+1 3
+1 3
+1 3
+2 3
+2 3
+4 3
+3 3 0 0 3 3
cob=(3)
cfi=(95) /build/glibc-GKVZIf/glibc-2.23/csu/../csu/libc-start.c
cfn=(380) (below main)
calls=1 -25 
* 1547049487 177027438 2386328 2164695 291360
cob=(3)
cfi=(84) /build/glibc-GKVZIf/glibc-2.23/stdlib/cxa_atexit.c
cfn=(320) __cxa_atexit
calls=1 57 
* 60 8 5
cob=(3)
cfi=(68) /build/glibc-GKVZIf/glibc-2.23/gmon/gmon.c
cfn=(262) monstartup
calls=1 -58 
* 60863 13533 2104 15 12

fn=(257) _dl_runtime_resolve_avx'2
64 13
+3 13
+2 13
+2 13
+3 13
+1 13
+1 13
+1 13
+1 13
+1 13
+1 13
+1 13
+1 13
+1 13
+1 13
+1 13
+1 13
+1 13
+1 13
+5 13
+1 13
+1 13
+1 13
+14 13
+1 13
+1 13
cfi=(67)
cfn=(258)
calls=13 -46 
* 13615 1840 144 78 14
+1 13
+5 13
+1 13
+1 13
+1 13
+13 13
+1 13
+1 13
+1 13
+1 13
+1 13
+1 13
+1 13
+1 13
+1 13
+1 13
+1 13
+1 13
+1 13
+1 13
+2 13
+2 13
+4 13
+3 13 0 0 13 13
cob=(3)
cfi=(69) /build/glibc-GKVZIf/glibc-2.23/malloc/malloc.c
cfn=(538) free
calls=1 2935 
* 56 10 2
cob=(3)
cfi=(148) /build/glibc-GKVZIf/glibc-2.23/debug/fprintf_chk.c
cfn=(640) __fprintf_chk
calls=1 26 
* 9230 1534 114 26 4
cob=(3)
cfi=(147) /build/glibc-GKVZIf/glibc-2.23/resource/../sysdeps/unix/syscall-template.S
cfn=(630) getrusage
calls=1 -75 
* 5 1 1
cob=(3)
cfi=(133) /build/glibc-GKVZIf/glibc-2.23/debug/printf_chk.c
cfn=(580) __printf_chk
calls=1 26 
* 1726 299 78 22 8
cob=(3)
cfi=(51)
cfn=(568) __gettimeofday_syscall
calls=1 29 
* 5 1
cob=(3)
cfi=(78) /build/glibc-GKVZIf/glibc-2.23/string/../sysdeps/x86_64/multiarch/../memset.S
cfn=(300) __GI_memset
calls=1 53 
* 128 17 9
cob=(3)
cfi=(69)
cfn=(426) malloc
calls=1 2903 
* 280 43 24
cob=(3)
cfi=(127) /build/glibc-GKVZIf/glibc-2.23/libio/iofclose.c
cfn=(526) fclose@@GLIBC_2.2.5
calls=1 39 
* 599 113 56 4 3
cob=(3)
cfi=(107) /build/glibc-GKVZIf/glibc-2.23/stdio-common/isoc99_fscanf.c
cfn=(452) __isoc99_fscanf
calls=1 26 
* 1154 207 93 8 7
cob=(3)
cfi=(102) /build/glibc-GKVZIf/glibc-2.23/libio/iofopen.c
cfn=(420) fopen@@GLIBC_2.2.5
calls=1 -62 
* 502 66 29 1 1
cob=(3)
cfi=(100) /build/glibc-GKVZIf/glibc-2.23/gmon/../sysdeps/x86_64/_mcount.S
cfn=(410) mcount
calls=1 32 
* 32 2 1
cfi=(73)
cfn=(284)
calls=1 +23 
* 39 15 7
cob=(3)
cfi=(69)
cfn=(270) calloc
calls=1 3173 
* 59945 13430 2090 12 9

fl=(28)
fn=(76)
24 13
+1 13
+1 13
+1 13
+1 13
+1 13
+1 13
+1 13 13
+1 13
+1 13
+1 13
+1 13
+1 13
+1 13
+1 13
+1 13
+1 13 13 5
+1 8
+4 8
+1 8
+1 8
+1 8
+2 8
+4 5
+1 5
+1 5
+1 5
+1 5
+1 5
+1 5
+1 5
+1 5
+1 5
+1 5
+1 5
+1 5
+1 5
+1 5
+1 5
+1 5
+1 5
+1 5
+1 5
+1 5
+1 5
+1 5
+1 5 5 5
+52 5
+4 5
+1 5
+1 5
+1 5
+2 5

fl=(24)
fn=(112)
84 12 3
+1 3

fn=(110)
84 88 22 2
+1 4
+1 90

fn=(130)
84 16 4
+1 4

fn=(68)
84 16 4 4
+2 20

fl=(26)
fn=(72)
33 11
-1 110
+1 27 11 6
+1 110 11 1
+2 77
-3 26 10 6

fl=(10)
fn=(18)
31 7 1
+8 1
-6 2 1
+7 1

fl=(21)
fn=(62)
84 4 1
+1 1

fl=(12)
fn=(24)
34 4
+8 6 2
+4 2 1 1
+16 5

fl=(13)
fn=(28)
30 3
+3 10 3 2
+13 49
-13 147 49
+2 102 51 16
+1 20 10 6
+5 2
-3 2
+3 2
+2 2
-12 1
+19 1

fl=(33)
fn=(100)
26 6
+9 6
+1 12
+1 6
+4 6
+1 6
+1 6
+1 6
+1 6
+2 12
+2 6
+1 6
+1 6
+2 12
+2 6
+4 6
+1 6

fl=(40)
fn=(132)
161 1
-1 1
+1 1
-1 4
+1 1
-1 2
+1 1
-1 2
+1 1
-1 2
+1 3
-15 1
+15 1
-17 1
+1 1
+1 1
+6 4
+26 1
-26 1
+26 7 1
-34 1
+2 1
+33 2
-33 1
-2 1
+2 2
-2 1
+1 1
+1 1
+6 3
+26 1
-26 1
+26 5 1
+4 1
+21 1
+1 1
-22 2
+19 1
-12 1
+15 1
-16 2
+13 1
317 9
217 1
-4 1
-4 1
+8 5 1 1
-4 4
-4 4
+8 4 4 4
+12 10 5 2
+2 3
+11 3
-5 3
-6 6
+5 3
+2 6
+1 6
+3 21 3
+50 15 5 2
+1 9
-51 312 78 3
+1 156 78 8
+6 25
cfi=(28)
cfn=(76)
calls=5 24 
* 163 12 4
* 10 5
+5 25
-3 5
+3 5
cfi=(32)
cfn=(96)
calls=5 -91 
* 13293 2295 544 58 11
+2 15 5
+15 5
+2 10 5 2
+5 3
+6 3
+2 3
-8 6
+3 3
+1 3
+1 3
+1 3
+4 18
+7 219 73 5
459 15 5 2
+2 9
+2 9
cfi=(17)
cfn=(40)
calls=3 94 
* 87 9 2 3
* 3 0 0 3
+2 3
-2 3
+2 3 3
+4 12
-1 3
+1 3
cfi=(18)
cfn=(46)
calls=3 61 
* 68 20 8
+1 15
cfi=(18)
cfn=(46)
calls=3 61 
* 68 20 11
+4 3
-1 3
+5 28 5 5
+7 6 2
+1 1
+3 5 1 1
+10 4
cfi=(17)
cfn=(40)
calls=1 94 
* 29 3 1 1
* 1 0 0 1
+3 1
-3 1
+3 1 1
+5 6
+1 1
-1 3 1
+1 2
+8 2
+4 3
-4 1
-6 3 1 1
-2 4
+8 8
+4 12
-4 4
-6 12 4 3
+13 3 1
+51 3 1
+2 3 1 1
+42 1
-4 1
+5 2
-1 4
+1 2
cfi=(27)
cfn=(74)
calls=1 53 
* 15 3 2
* 1
-2 9
+7 1
-1 1
+1 1
-1 2
+7 1
-7 1
+7 2 1
-13 3
+7 3
-1 3
+1 3
-1 6
+7 3
-7 3
+7 9 3 1
+2 12
+1 6 3 3
-1 12
+1 9 3
+2 30 10 3
+1 21 7 7
+28 27
cfi=(27)
cfn=(74)
calls=3 53 
* 54 14 8
* 15
-6 6
-28 12 6 3
+31 14 4 1
-6 2
+16 2
+2 1
+1 1
-1 1
+2 3 1 1
+7 3 1 1
+3 3 1
+3 8
481 12 4 4
-1 5
+1 11 5 4
202 2
+27 8 4
-19 4
+8 32 14 2
+2 3
+2 12 3 1
+2 30 2
338 8
611 8
cfi=(18)
cfn=(46)
calls=1 61 
* 42 11 7
+2 1
-38 1
+38 1 1 1
209 2

fn=(134)
60 10
+7 5
-4 55
cfi=(22)
cfn=(104)
calls=5 2167 
* 12898 2290 544 48 10
* 5
+5 10

ob=(2)
fl=(16)
fn=(536) 0x0000000004f528a8
0 8 0 0 8 1
cob=(3)
cfi=(69)
cfn=(538)
calls=8 2935 
0 1288 256 34

fn=(678) 0x0000000004a28570
0 1 0 0 1 1
cob=(3)
cfi=(153) /build/glibc-GKVZIf/glibc-2.23/stdlib/cxa_finalize.c
cfn=(680) __cxa_finalize
calls=1 31 
0 69 13 6

fn=(360) 0x0000000004c2f5f0
0 1 0 0 1 1
cob=(5)
cfi=(65)
cfn=(248) __gmon_start__
calls=1 0 
0 4 1

fn=(424) 0x0000000004f528a0
0 9 0 0 9 1
cob=(3)
cfi=(69)
cfn=(426)
calls=9 2903 
0 1636 239 83

fn=(710)
0 3

fn=(246) 0x0000000004a28578
0 1 0 0 1 1
cob=(5)
cfi=(65)
cfn=(248)
calls=1 0 
0 63243 13840 2137 34 20

fn=(356)
0 5 1
cfn=(360)
calls=1 0 
0 5 1 0 1 1
0 2

fn=(700) 0x0000000004c2f5f8
0 1 0 0 1 1
cob=(3)
cfi=(153)
cfn=(680)
calls=1 31 
0 69 13 5

fn=(84)
0 3 0 0 3 1
cob=(1)
cfi=(17)
cfn=(86)
calls=3 120 
0 18 3

fn=(242)
0 5 1
cfn=(246)
calls=1 0 
0 63244 13840 2137 35 21
0 2

fn=(384) 0x0000000000400978
0 5 1
cob=(5)
cfi=(65)
cfn=(248)
calls=1 0 
0 4 1
0 2

fn=(692)
0 3

fn=(670)
0 3

ob=(4)
fl=(63)
fn=(220)
25 1
+1 1
+1 1
+1 1 1 1
+2 1

fl=(61)
fn=(216)
10 5 1 1

fn=(222)
16 5 1

fl=(57)
fn=(208)
25 1
+1 1
+1 1
+1 1 1 1
+2 1

fl=(60)
fn=(214)
25 1
+1 1
+1 1
+1 1 1 1
+2 1

fl=(55)
fn=(204)
25 1
+1 1
+1 1
+1 1 1 1
+2 1

fl=(53)
fn=(200)
9 8 2 1

fl=(59)
fn=(226)
0 8 2 1

fn=(704) 0x0000000000005600
0 9 1 1

fn=(694)
0 8 2 1
cob=(2)
cfi=(16)
cfn=(700)
calls=1 0 
0 70 13 5 1 1
0 1
cfn=(704)
calls=1 0 
0 9 1 1
0 3

fn=(364)
0 17 2

fn=(212)
0 8 2 1

fn=(224)
0 8 2 1

fl=(62)
fn=(218)
25 1
+1 1
+1 1
+1 1 1 1
+2 1

fl=(56)
fn=(206)
25 1
+1 1
+1 1
+1 1 1 1
+2 1

fl=(58)
fn=(210)
8 5 1

fl=(54)
fn=(202)
12 8 2 1

ob=(6)
fl=(85)
fn=(326)
0 17 2 1

fn=(672)
0 8 2 1
cob=(2)
cfi=(16)
cfn=(678)
calls=1 0 
0 70 13 6 1 1
0 1
cfn=(686) 0x0000000000000580
calls=1 0 
0 9 1 1
0 3

fn=(686)
0 9 1 1

ob=(3)
fl=(135) /build/glibc-GKVZIf/glibc-2.23/string/../sysdeps/x86_64/strchr.S
fn=(584) strchrnul
24 764897
+1 764897
+1 764897
+1 764897
+1 764897
+1 764897
+1 764897
+1 764897 764897 7
+1 764897
+1 764897
+1 764897
+1 764897
+1 764897
+1 764897
+1 764897
+1 764897
+1 764897 764897 4
+1 764893
+2 764893
+7 764893
+4 4
+1 4
+1 4
+1 4
+1 4
+1 4
+1 4
+1 4
+1 4
+1 4
+1 4
+1 4
+1 4
+1 4
+1 4
+1 4
+1 4
+1 4
+1 4
+1 4
+1 4
+1 4
+1 4
+1 4 4 2
+52 4
+2 4
+7 4

fl=(52)
fn=(196)
0 18 3

fl=(107)
fn=(452)
26 10320 1032 5
+4 15480 4128 12
+3 1032
-2 1032
+3 4128
-1 5160
+1 1032
cfi=(108) /build/glibc-GKVZIf/glibc-2.23/stdio-common/vfscanf.c
cfn=(454) _IO_vfscanf
calls=1032 279 
* 1679847 330419 10386 6187 12
fi=(115) /build/glibc-GKVZIf/glibc-2.23/stdio-common/../libio/libioP.h
875 1032
+1 1032
fe=(107)
34 1032
fi=(115)
876 1032 1032
+1 8256 3096 6
fe=(107)
39 4128

fl=(131)
fn=(562)
28 1
+1 1
+1 1
+1 1 1 1
+9 1

fl=(142) /build/glibc-GKVZIf/glibc-2.23/stdlib/../sysdeps/x86_64/rshift.S
fn=(612) __mpn_rshift
29 66984
+1 66984
+1 66984 66984 8
+13 66984
+1 66984 66984 6
+16 66984 66984 254
+1 66984
+1 66984
+1 66984
+1 66984
+1 66984
+1 66984 66984 9
+5 66984
+1 66984
+1 66984
+1 66984
+1 66984

fl=(76) /build/glibc-GKVZIf/glibc-2.23/misc/sbrk.c
fn=(296) sbrk
34 2
+8 2
-8 6
+8 9 3 2
+4 4 2 1
+4 6 2 1
+12 5
-19 4
cfi=(77) /build/glibc-GKVZIf/glibc-2.23/misc/../sysdeps/unix/sysv/linux/x86_64/brk.c
cfn=(298) brk
calls=2 -12 
* 24 4
* 8 2
+15 2
cfi=(77)
cfn=(298)
calls=1 -27 
* 12 2
* 2 1
+4 5

fl=(147)
fn=(630)
84 4 1 1
+1 1

fl=(124) /build/glibc-GKVZIf/glibc-2.23/stdlib/../sysdeps/ieee754/dbl-64/mpn2dbl.c
fn=(516) __mpn_construct_double
39 3
-6 9
+7 3
-7 3
+6 6
+1 9
+6 6
+1 3

fl=(77)
fn=(298)
31 24 3
+8 3
-6 6 3
+7 3

fl=(148)
fn=(640)
26 2765184 145536
+4 2183040 582144 16
+1 291072 145536
+1 145536
+2 145536
+1 436608
-1 727680
+1 145536
cfi=(134) /build/glibc-GKVZIf/glibc-2.23/stdio-common/vfprintf.c
cfn=(582) vfprintf
calls=145536 1236 
* 771844740 128267669 2263756 2005534 291073
+3 145536
-3 145536
+4 145536
-1 145536 145536
+1 145536
fi=(138) /build/glibc-GKVZIf/glibc-2.23/debug/../libio/libioP.h
875 145536
+1 145536
-1 145536
+1 145536 145536 1
+1 1164288 436608 4
fe=(148)
43 727680

fl=(74) /build/glibc-GKVZIf/glibc-2.23/nptl/register-atfork.c
fn=(286) __linkin_atfork
115 2
+1 6 2 1
+2 1

fl=(80) /build/glibc-GKVZIf/glibc-2.23/signal/../nptl/sigaction.c
fn=(306) sigaction
34 6 2
+6 2
cfi=(81) /build/glibc-GKVZIf/glibc-2.23/signal/../sysdeps/unix/sysv/linux/x86_64/sigaction.c
cfn=(308) __libc_sigaction
calls=2 +7 
* 163 9 2

fl=(82) /build/glibc-GKVZIf/glibc-2.23/gmon/../sysdeps/unix/sysv/linux/prof-freq.c
fn=(310) __profile_frequency
27 2
+1 1

fl=(96) /build/glibc-GKVZIf/glibc-2.23/setjmp/../sysdeps/x86_64/bsd-_setjmp.S
fn=(398) _setjmp
30 1
+2 1
cfi=(97) /build/glibc-GKVZIf/glibc-2.23/setjmp/../sysdeps/x86_64/setjmp.S
cfn=(400) __sigsetjmp
calls=1 -6 
* 28 1 1

fl=(84)
fn=(320)
57 10
-22 2
+22 2
-22 2
cfn=(322) __new_exitfn
calls=2 +38 
* 82 15 9
+2 4 2
+4 2
+3 2
+1 2
-4 4
+2 2
+4 2
+1 2
+11 8

fn=(322)
73 4
+6 2
-6 2
+6 2
-6 2
+6 8 4 4
+2 12 2
+2 6 2 1
+1 5 1 1
-3 1
+10 2
-10 2 1 1
+2 2
+11 2 1
+25 1
+1 1
-1 1
+1 1
-1 1
+7 1
+1 1
+3 2 1
-4 1
+1 1
+3 6 3 2
+3 10
-21 1
+1 2

fl=(97)
fn=(400)
26 1
+9 1
+1 2
+1 1
+4 1
+1 1
+1 1
+1 1
+1 1
+2 2
+2 1
+1 1
+1 1
+2 2
+2 1
+9 1
cfi=(98) /build/glibc-GKVZIf/glibc-2.23/setjmp/sigjmp.c
cfn=(402) __sigjmp_save
calls=1 -36 
* 9 1 1

fl=(110) /build/glibc-GKVZIf/glibc-2.23/io/../sysdeps/unix/sysv/linux/wordsize-64/fxstat.c
fn=(468) _fxstat
34 5
-1 5
+1 5 5
+1 30 5
+4 5

fl=(70) /build/glibc-GKVZIf/glibc-2.23/malloc/hooks.c
fn=(272) malloc_hook_ini
29 4
fi=(71) /build/glibc-GKVZIf/glibc-2.23/malloc/arena.c
385 1
fe=(70)
30 1
fi=(71)
385 1
fe=(70)
30 1
fi=(71)
385 1 1 1
fi=(69)
2912 7 2 1
+2 3
cfn=(288) _int_malloc
calls=1 3350 
* 1048 184 33 2 2
+3 1
-3 1
+3 1 1
+8 4 2 2
+2 11 4 1
fe=(70)
33 4
fi=(69)
2912 6 2 2
+12 1
cfi=(71)
cfn=(276) ptmalloc_init.part.7
calls=1 383 
* 57890 13099 2035 9 6
* 1
-15 2 1 1
fe=(70)

fl=(69)
fn=(292) sysmalloc
2269 40
+20 5
+11 5
-11 5
+11 5 5
+1 17 5 2
fi=(71)
622 3
fe=(69)
2316 5
+65 1
+1 3
+10 1
-9 1
+9 5 2
+6 4 1
+3 3 1 1
2724 2 1
+1 1
+8 4 1
+5 1
-3 1
+3 1
-2 1
+2 3
+1 1
-1 1
-1 1
+4 1
-3 2
+1 1
+8 45
2302 12 4
+14 16
+6 8 4 2
+19 12 4
+15 12
+5 12 4
+1 20 8
+3 12 4
+1 20 8 2
+98 1
-8 4
+8 1 1 1
+21 5 0 0 1 1
cfi=(75) /build/glibc-GKVZIf/glibc-2.23/malloc/morecore.c
cfn=(294) __default_morecore
calls=1 46 
* 62 10 2
* 1
+1 1
+3 4 1
+3 2
+1 2 1
+20 2
+26 2 1 1
+2 2
+6 1
-6 1
+6 1 1 1
2322 1
2465 1
+10 5
+8 1
-8 1
+8 1 1 1
+67 7 3
+37 2 1 1
+6 3 1 1
+19 1
+3 2
+1 5
+2 1
-2 1
+2 1 1
+1 3 0 0 1 1
cfi=(75)
cfn=(294)
calls=1 46 
* 43 6 2
+12 2 1
+8 1
+1 1
-1 2
+1 2 1
+39 1
+1 1
-2 1
+1 3
+12 1
-12 1
+1 1
+11 1 1 1
2540 5
2324 28
cfi=(129) /build/glibc-GKVZIf/glibc-2.23/misc/../sysdeps/unix/sysv/linux/wordsize-64/mmap.c
cfn=(554) mmap
calls=4 33 
* 132 12 4
+2 8 4 2

fn=(290) malloc_consolidate
4145 2 1 1
4997 4
1809 3
-3 2 1 1
+3 378
-3 252 126 8
+7 3 1 1
+5 1
+2 1
-2 2
-1 3

fn=(540) _int_free
3842 72
+13 8
-13 8
+13 16
+6 32 8
+1 16 8
+11 32 16 1
+13 16 8 2
4106 64
3961 16 8
+1 24 8 2
+15 16 8 2
+8 24 8
+6 16
+1 16 8
+1 16 8
1887 24 8 2
4002 16 8 2
+7 16 8 2
+65 16 8
+1 16 8
+3 24 8 2
3963 40 16 4
+8 8
-4 8
+4 24 8
-7 16
4094 24 8
+1 24 8
+1 40 16 4
-41 8
+1 24
+1 16
-80 40 8 2
4080 40 8
+2 32
cfn=(542) systrim.isra.1
calls=8 2760 
* 224 16 2
* 8

fn=(542)
2760 56
+11 24
+2 8
+1 16 8
-4 8
+8 24
+2 16 8 2
-5 8
+49 64

fn=(426)
2903 39
+5 26
+1 26 13
+3 104 26 12
+2 39
cfn=(288)
calls=13 3350 
* 2178 263 80
+3 13
-3 13
+3 13 13
+8 52 26 11
+2 123 44 8
+3 52
-18 78 26 23

fn=(270)
3173 1
+15 1
-15 3
+10 1
+5 2
-15 1
+10 1
+5 2 1 1
+8 2
+1 2 1 1
3312 5
-25 1
cfi=(78)
cfn=(300)
calls=1 53 
* 926 131 11
-87 3 0 0 1 1
cfi=(70)
cfn=(272)
calls=1 29 
* 58989 13296 2076 11 8
+4 1
-3 1
+3 2
-3 1 1 1

fn=(538)
2935 60
+5 24
+1 24 12 3
+6 24 12
+5 12
-2 12
+2 24 12 3
+16 24 8 4
+1 16
cfn=(540)
calls=8 3842 
* 1080 224 27
+1 48
-15 12 4
+2 12 6 4
+2 2
+1 2
-1 2
+1 2
+1 6
2834 4
+1 2
+6 2
-7 2
+7 12 2
-7 4
+1 2
+6 2
-7 2
+7 12 2
+7 4 4
+1 12 4 1
+5 8
cfi=(149) /build/glibc-GKVZIf/glibc-2.23/misc/../sysdeps/unix/syscall-template.S
cfn=(650) munmap
calls=4 84 
* 20 4
2970 24

fn=(288)
3350 42 14
-30 28
+30 14
-30 56
+30 42
-30 14
+30 42
+4 42 14
+14 28 14 3
+37 28 14 6
+2 12
+1 12
+2 4
-2 4
+2 8 4 2
+39 86 19 6
+1 20 10 5
+1 2
cfn=(290)
calls=1 4145 
* 651 129 11
3820 196
-2 14
+2 14
-2 14
+2 28
5003 14
3818 14
+2 14
5005 14
3820 14
5005 14
3820 42
5005 28
3820 56
5003 28
3470 70 14 7
3834 126
3604 28 14 6
+73 28
+1 28
+1 28
+1 28
+1 28
+5 28 14 8
+4 42 14 6
+3 20 5
-3 15 5 1
+3 16 4 1
-3 8 4 2
3793 14
+3 14
-2 28
+2 28 14 6
+17 10 5 2
3606 30
+3 10
-3 10
+3 30 10 6
3449 3
1880 20 5 3
3449 64 8 2
3828 15
cfn=(292)
calls=5 2269 
* 655 99 24 2 2
+1 10 5 3
-28 9
-3 9
+1 9
+2 9
-1 9
+1 18
+2 9
-2 36
+2 9
+3 9
1880 27 9 3

fl=(90) /build/glibc-GKVZIf/glibc-2.23/string/../sysdeps/x86_64/strrchr.S
fn=(342) rindex
24 1
+1 1
+1 1
+1 1
+1 1
+1 1
+1 1
+1 1 1
+1 1
+1 1
+1 1
+1 1
+1 1
+1 1
+1 1
+1 1
+1 1 1
+1 1
+1 1
+1 1
+1 1 1
+1 1
+1 1
+1 1

fl=(92)
fn=(348) handle_intel
262 4 2
-1 4
+17 2
-17 12
+14 2
+1 4
-3 6
+23 8
cfn=(350) intel_check_word
calls=2 133 
* 664 198 35
+1 4 2
+3 10
cfn=(350)
calls=2 133 
* 238 38 22
+1 4 2 2
-17 4
+5 2
-5 6
+5 2 2
+2 2
+1 2
-1 4
+27 16

fn=(350)
133 8 4
+6 4
-7 20
+7 16
-7 4
+7 4
+2 4
-2 4
+2 4 4
+68 8
+3 24
-69 4
+2 8 4
-2 6
+2 12 6
+8 20 10 2
+51 16 8 4
+22 8
fi=(93) /build/glibc-GKVZIf/glibc-2.23/string/../bits/stdlib-bsearch.h
27 8
+1 16
+3 16
+1 8
fe=(92)
+89 16 8
fi=(93)
-90 12
+1 6
fe=(92)
+89 12 6
+3 54 54 9
fi=(93)
-95 46
+2 46
-2 46 46 6
+2 80
+1 40
fe=(92)
+89 80 40 10
251 8
141 16 8 2
-6 2
256 24
fi=(93)
37 8
-8 18 8 4
fe=(92)
165 6
+3 6 2
+4 4
+2 4
+1 14 3 2
+2 7 1 1
-12 2
+12 2
+1 10 5 3
+1 10 5 4
+1 6 3 3
+17 3
-32 9
+3 9 3
+4 6
+2 6
+1 12 3 2
+2 12 3 3
+5 2
+2 4 2 2
+2 32

fn=(346)
482 2
+12 1
-12 3
+12 3 1 1
+2 4
cfn=(348)
calls=1 262 
* 454 111 27
+4 2
-4 1
+4 1
cfn=(348)
calls=1 262 
* 546 133 32
+2 1
-2 1
-1 1
+3 1 1
+9 2 1
+2 1
+1 1
+2 1
+5 2
+9 4
-9 4
+9 16 4 1
-9 12
+6 8 4 4
+69 4 2
+1 5
+55 2 1
+2 1
+1 1
+2 1
-3 1
+5 1
-5 1
+4 3
+4 2 1
+2 1
+1 1
+2 1
-3 1
+5 1
-5 1
+4 2
+3 1
-3 1
+3 5
532 1
+32 1
-26 6 2
+7 5
+2 1
+1 1
+1 2 1
-4 4
+2 1
+1 1
+1 6 3 1
+2 2
-6 2
+6 2 2 1
+5 1
+2 2
+1 1
-1 1
+1 3
+6 1
-1 1
+1 5 1 1

fl=(140) /build/glibc-GKVZIf/glibc-2.23/stdio-common/printf_fp.c
fn=(608) __printf_fp
215 3423480
+39 342348
-9 342348
+16 342348
-7 1027044
+10 342348
-10 684696
+10 342348 342348
+2 2054088
+1 684696
+17 1027044 342348
+32 342348
-2 684696
+16 342348
+2 342348
-2 342348 342348 3
+46 342348
+3 684696 342348
+14 1369392 342348
+16 2738784
cfi=(141) /build/glibc-GKVZIf/glibc-2.23/stdlib/../sysdeps/ieee754/dbl-64/dbl2mpn.c
cfn=(610) __mpn_extract_double
calls=342348 37 
* 6846960 618094 65296
+4 342348
-4 342348
+4 684696
+36 342348
+12 342348
-9 3081132
+1 1711740
+1 684696
+1 684696
-2 342348
+1 342348
-1 342348
+2 342348
+7 342348
-8 342348
+1 342348
+7 342348 342348 100
636 684496 342248 5
804 1102992
cfi=(120) /build/glibc-GKVZIf/glibc-2.23/stdlib/../sysdeps/x86_64/lshift.S
cfn=(506) __mpn_lshift
calls=275748 29 
* 4136220 827244 10
+1 1378740
+1 275748
+14 551496
-10 275748
+10 275748
-10 275748
+10 551496
+2 275748
-2 275748
+2 275748 275748 4
-2 133200
-10 66600
+10 66600
-10 66600
+10 133200
+2 66600
-2 66600
+2 66600 66600 8
+10 6 3 3
+48 342348
-61 342348
+61 684696 342348 13
+14 2396436 684696
+7 342348
fi=(157) /build/glibc-GKVZIf/glibc-2.23/stdio-common/../sysdeps/pthread/allocalim.h
29 684696 342348
fe=(140)
911 2396436
+4 342348
-3 684696
+3 817696 408848 65307
+3 1369388 342347
-6 2738776
+9 1027041
cfn=(614) hack_digit
calls=342347 169 
* 15545113 2121481 16
-3 342347
+3 342347
-3 2054082 342347
+7 1711735 684694
+2 684694
-4 342347
+4 684694
+12 1027041
+1 2396429
+1 1369388 342347 2
-14 1
+12 3
+1 7
+1 16432636 4108159 342299
+1 684696 342348 6
172 4108158
944 4108158
172 9812304 4906152 326536
+2 12324471 4108157 18
+8 3600 1200 4
+21 3600
cfi=(126) /build/glibc-GKVZIf/glibc-2.23/stdlib/../sysdeps/x86_64/mul_1.S
cfn=(520) __mpn_mul_1
calls=1200 32 
* 24000 4800
+1 2400 1200 58
+1 5710
945 1142
+1 1142
+2 2284 1142 2
-3 4107016
+1 4107016
+2 8214032 4107016 15
1246 3081132
471 300 100 2
+16 200 100 2
248 900
522 100
-1 100
+1 300
-1 100
+1 200
cfi=(119) /build/glibc-GKVZIf/glibc-2.23/string/../sysdeps/x86_64/multiarch/../memcpy.S
cfn=(502) __GI_memcpy
calls=100 61 
* 2300 700 106
* 100
+16 600 400 4
+11 1300
-2 1300
+2 3800 1300 100
-57 1200
+4 6000 1200 108
-4 100
+4 500 100
+2 400 200 2
+30 800
cfi=(125) /build/glibc-GKVZIf/glibc-2.23/stdlib/mul.c
cfn=(518) __mpn_mul
calls=100 48 
* 6800 700 2
+4 200
+2 200 100
433 8216316
186 7200
cfi=(146) /build/glibc-GKVZIf/glibc-2.23/stdlib/divrem.c
cfn=(624) __mpn_divrem
calls=1200 46 
* 48000 6000 105
+2 4800
+3 1200
-2 1200
+3 1200
-1 1200
+1 7200 2400
-16 8213914
+1 4106957
-1 4106957
+1 8213914
-1 4106957
+1 4106957
cfi=(126)
cfn=(520)
calls=4106957 32 
* 82139140 16427828 4
* 20534785
942 1027044
+15 1711740 342348
+1 1027044
cfn=(614)
calls=342348 169 
* 15544644 2121431 65411
+2 1093567 342348 78
+1 66523
-1 66523 66523 19
fi=(143) /build/glibc-GKVZIf/glibc-2.23/stdio-common/../sysdeps/generic/get-rounding-mode.h
94 342348
+1 1711740 684696 11
fe=(140)
1076 1369392 342348
+7 684696 342348 10
+3 684696 342348 11
+13 1027044 342348 3
+2 1226532 408844 65355
+20 66499
-1 66499
+1 66499
+4 66499
-4 66499
+4 342345 66499 258
-4 275846
+4 276354 275846 6
+1 508
-1 508 254
+9 1016
+1 254
-1 254
+1 254
-1 762
+1 762
+3 254
-2 254
-1 254
+3 508 254 2
+1 762
+6 1016 254 2
-6 1026273
+6 2052564 684188 7
+1 254
+1 1524
+2 254
-2 254
+2 254 254
-2 2052564
+2 342094
-2 342094
+2 1369138 684442 8
+94 4800
172 47 6 2
538 600
cfi=(145) /build/glibc-GKVZIf/glibc-2.23/stdlib/cmp.c
cfn=(622) __mpn_cmp
calls=200 35 
* 2200 400 3
* 800 200
+3 1000
cfi=(119)
cfn=(502)
calls=200 61 
* 4600 1400 10
+1 600
+1 600
+1 200
-2 200
+1 200
+1 400
-1 200
+1 400
-9 300
+15 100
+6 100
-6 100
+6 100 100
+4 700 200 2
+35 600 200
+16 100
+2 100
-2 200
+2 100
-2 200
cfi=(142)
cfn=(612)
calls=100 29 
* 1700 400 5
+16 300
-1 100
+1 400
cfi=(142)
cfn=(612)
calls=100 29 
* 1700 400 6
+4 700
-1 200
962 827529 275843
+3 275843
-4 275843
+4 275843 275843 38
+5 275785
-1 275785
+1 3309162 1378818 21
248 342348
1152 684696 342348 4
+1 1016 254 2
+4 254
+2 1369392 684696 6
+9 1027044 342348
+6 1711740 342348 4
+4 684696
cfi=(118) /build/glibc-GKVZIf/glibc-2.23/string/../sysdeps/x86_64/strlen.S
cfn=(500) strlen
calls=342348 66 
* 5477568 684696
* 342348
+2 1027044 342348 5
+5 684696
+2 342348
-2 684696
+2 342348
-2 342348
+2 342348 342348 5
+18 4450524 342348
+3 11639772 5819886
+3 11639772
-6 18486702 6162234 342351
+1 18486702 6162234 20
+1 1369392
cfi=(137) /build/glibc-GKVZIf/glibc-2.23/string/../sysdeps/x86_64/memcpy.S
cfn=(596) __GI_mempcpy
calls=342348 61 
* 6162264 2054088 7
* 342348
824 342345
+2 2054070 342345
+9 342345
+2 342345
-1 342345
+10 342345
-11 684691
+2 1
-1 1
+10 1
-11 2
fi=(143)
95 684696 342348
fi=(144) /build/glibc-GKVZIf/glibc-2.23/stdio-common/../include/rounding-mode.h
-43 1370518 343778 731
fe=(140)
1154 1026282 342094 2
-34 275846
+1 1103384
+9 1026273
835 3
-1 3
+1 12 3
+3 9 3 1
+2 2
-3 2
-1 2
+4 2
+2 4
-7 2
+5 2
-5 4
982 2601 867
+5 5202 867 5
+2 13
-2 26
+3 13
-3 1786 893 17
+5 2601 867 7
+4 1734
+11 3468 867
592 300
479 1500
cfi=(120)
cfn=(506)
calls=100 29 
* 1500 300 2
+4 900
+1 100
-1 100
+1 100 100
+1 500
644 266000
cfi=(120)
cfn=(506)
calls=66500 29 
* 997500 199500 2
+1 66500
+4 66500
-8 66500
+28 66500
-30 66500
+30 66500
-24 66500
+4 66500
-4 199500
+52 66500
-57 66500
+8 66500
+1 66500
+20 66500
+28 133000
-43 66500
+2 133000 66500 1
-2 731330
+2 1462660 731330 66001
+7 131986
+1 131986
-1 197979 65993 3
+9 197979
+1 131986 65993
+3 131986
+1 131986
+8 65993
-8 65993
-1 65993
+1 65993
-1 65993
+1 65993
-1 65993
+1 65993
-1 65993
+1 131986
+8 197979 65993
+22 197979 65993
+9 131986
-1 65993
+1 131986
+5 197979
-6 65993
+6 65993
+3 201027 66247 256
+1 508 254
+21 254
-14 254
+14 762 254
+12 1270
cfi=(142)
cfn=(612)
calls=254 29 
* 4318 1016 258
* 131478
cfi=(142)
cfn=(612)
calls=65739 29 
* 1117563 262956 8
+3 329965
+7 3059000 1529330 791
+24 199500
669 329965
cfi=(125)
cfn=(518)
calls=65993 48 
* 4487524 461951 65290
* 65993
+5 197979
933 1
+2 1
-1 1
814 1
933 1
+2 3
1235 1027044 342348
+7 684696 342348 9
965 2396436
1215 684696 342348
+17 1711740 342348 4
-76 684188 342094 2
-3 1778 254
847 3
-77 265320 66330 3
+4 3955
cfi=(126)
cfn=(520)
calls=791 32 
* 25312 2373 1
+1 791
+3 1582
+1 791
-4 791
+3 791
+1 3164 791 2
+9 791
+1 791
-1 1592
1232 70181010 12666816 343884
cfi=(103) /build/glibc-GKVZIf/glibc-2.23/libio/genops.c
cfn=(620) __overflow
calls=5156 230 
* 363848 69114 18 6670 1
* 10312 5156 3644
-34 2054088
748 197217
-23 131478 65739
+10 65739
-3 131478
+3 197217 65739 2
1157 1369392
787 1582
cfi=(142)
cfn=(612)
calls=791 29 
* 13447 3164
* 791
564 200
+2 100
-2 100
+2 342948 100
1181 684696

fn=(614)
169 2054085
+3 2320083 817694 65341
+2 2738780 684695 13
+8 600 200 6
+21 600
cfi=(126)
cfn=(520)
calls=200 32 
* 4000 800
+1 400 200 1
+1 1000
+4 1000
-23 1200
cfi=(146)
cfn=(624)
calls=200 46 
* 7478 942 65
+2 800
+3 200
-2 200
+3 200
-1 200
+1 1200 400
-16 1368990
+1 684495
-1 684495
+1 1368990
-1 684495
+1 684495
cfi=(126)
cfn=(520)
calls=684495 32 
* 13689900 2737980
* 684495
+32 4106970
-37 6 1 1
+37 400

fl=(98)
fn=(402)
28 1
+1 1
-1 2
+1 2 1 1
+5 3

fl=(113) /build/glibc-GKVZIf/glibc-2.23/stdlib/../stdlib/strtol_l.c
fn=(490) ____strtol_l_internal
227 27684
+26 6152 3076 4
+22 3076
-1 3076
+10 12304 6152
+9 18456 3076 2
+2 6152 3076
+5 6152 3076
+5 3076
-6 3076
+6 3076 3076 2
+4 6152 3076 519
+10 5120 2560 1
+10 9228 3076 4
526 24608
311 1032 516
+15 6152 3076 3
-79 3076
371 3076
+64 12304 6152
+38 3076
-18 3076
-4 3076
+22 3076
-19 3076
-3 3076
+4 3076
-4 3076
+4 6152
-4 6152
-14 17151 5717 10
-4 11434
+2 25944 11434 1863
+44 6152 3076
+5 6152 3076
+1 3076
+5 6152 3076
+3 9228 3076 2
-28 17151 5717
+3 24314 12157 718
+5 5717
+1 22868
+17 9228 3076 1
+17 6152
348 12304

fl=(146)
fn=(624)
46 11200
+3 2800 1400 8
+13 1400
+1 1400
-16 1400
+18 2800 1400
+6 2800
+1 5484 1400 158
+1 1342
-1 2684
+1 2684
-1 2684 1342
+4 2800 1400 4
+3 1400
234 1400
81 1400
234 9800

fl=(86)
fn=(334)
52 8
+6 3 1 1
+14 1
fi=(88) /build/glibc-GKVZIf/glibc-2.23/csu/../sysdeps/unix/sysv/linux/x86_64/init-first.c
-36 1
fe=(86)
+34 1
+1 1
fi=(88)
-35 3
fe=(86)
+36 1
fi=(88)
-36 3
fi=(87) /build/glibc-GKVZIf/glibc-2.23/csu/../sysdeps/generic/dl-hash.h
+12 3
+14 4
-17 3 1 1
+3 9
+14 12
-17 9 3 2
fi=(88)
-9 3 1
+2 2
-2 1
+2 2
cfi=(48) /build/glibc-GKVZIf/glibc-2.23/elf/../sysdeps/unix/sysv/linux/dl-vdso.c
cfn=(182) _dl_vdso_vsym
calls=1 -11 
* 6 1 1
+1 2 1 1
+5 2
-3 2
+1 1
+2 1
cfi=(48)
cfn=(182)
calls=1 -17 
* 6 1 1
fe=(86)
+42 3
fi=(88)
-41 2
+1 1
fe=(86)
+40 1
cfi=(89) /build/glibc-GKVZIf/glibc-2.23/misc/init-misc.c
cfn=(340) __init_misc
calls=1 -55 
* 48 5
+8 1
cfi=(91) /build/glibc-GKVZIf/glibc-2.23/ctype/ctype-info.c
cfn=(344) __ctype_init
calls=1 -63 
* 16
+5 6
-34 1
-7 1
+7 4 1 1
fi=(88)
-25 2
fe=(86)

fl=(89)
fn=(340)
31 2 1
-1 3
+1 4 1
+2 3
cfi=(90)
cfn=(342)
calls=1 -9 
* 24 3
+4 5
+1 3
+2 4

fl=(129)
fn=(554)
33 4
-1 40
+1 12 4 2
+1 40 4
+2 28
-3 8 4 2

fl=(112) /build/glibc-GKVZIf/glibc-2.23/stdlib/../stdlib/strtol.c
fn=(488) __strtol_internal
98 9228
cfi=(113)
cfn=(490)
calls=3076 227 
* 382963 90393 3129

fl=(150) /build/glibc-GKVZIf/glibc-2.23/stdlib/exit.c
fn=(652) exit
104 1
-1 1
+1 2
cfn=(654) __run_exit_handlers
calls=1 -69 
* 1408 297 80 12 12

fn=(654)
35 8
+5 1
cfi=(151) /build/glibc-GKVZIf/glibc-2.23/stdlib/cxa_thread_atexit_impl.c
cfn=(656) __call_tls_dtors
calls=1 145 
* 11 1 1
* 1
+6 8 1
+4 6 2
+3 2
-1 2
+2 10 4 2
+24 2
+4 2
-4 2
+2 2
+2 2
-2 4
+2 2 0 0 2 2
cfi=(68)
cfn=(712) _mcleanup
calls=1 418 
* 485 121 14
cob=(1)
cfi=(152)
cfn=(658)
calls=1 +48 
* 857 168 63 10 10
+1 1

fl=(75)
fn=(294)
46 2
+1 2
cfi=(76)
cfn=(296)
calls=2 -13 
* 91 16 4
+1 6
+4 4

fl=(151)
fn=(656)
145 3
+1 4 1 1
+18 4

fl=(102)
fn=(446) __fopen_maybe_mmap
41 4
-2 4
+2 4 4 2
+15 4

fn=(422) __fopen_internal
61 24
+8 4
-8 8
+8 4
cob=(2)
cfi=(16)
cfn=(424)
calls=4 -69 
* 736 108 32 4 1
+2 12 4 1
+3 4
+3 16
-3 4
+3 8
cfi=(103)
cfn=(428) _IO_no_init
calls=4 599 
* 232 8 2
+4 4
+1 4
-1 4
+1 4
cfi=(104) /build/glibc-GKVZIf/glibc-2.23/libio/fileops.c
cfn=(432) _IO_file_init@@GLIBC_2.2.5
calls=4 +62 
* 376 68 21
+4 20
cfi=(104)
cfn=(436) _IO_file_fopen@@GLIBC_2.2.5
calls=4 249 
* 487 70 17
* 4
+1 4
-1 4 4
+6 20
-5 4
cfn=(446)
calls=4 -46 
* 16 4 2

fn=(420)
97 8
cfn=(422)
calls=4 -36 
* 2003 266 75 4 1

fl=(49)
fn=(188)
45 1
+1 1
+1 1
+1 1 1
+1 1
+1 1

fn=(184)
45 1
+1 1
+1 1
+1 1 1
+1 1
+1 1

fl=(105) /build/glibc-GKVZIf/glibc-2.23/io/../sysdeps/unix/syscall-template.S
fn=(440) open
84 8 4
cfn=(442) __open_nocancel
calls=4 * 
* 21 4

fn=(442)
84 21 4

fn=(476) read
84 14 7
cfn=(478) __read_nocancel
calls=7 * 
* 38 7

fn=(600) write
84 4348 2174
cfn=(602) __write_nocancel
calls=2174 * 
* 11915 2174

fn=(478)
84 38 7

fn=(602)
84 11915 2174

fl=(109) /build/glibc-GKVZIf/glibc-2.23/libio/filedoalloc.c
fn=(464) _IO_file_doallocate
95 25
+15 30 5 2 5 1
cfi=(104)
cfn=(466) _IO_file_stat
calls=5 1229 
* 70 10
* 10 5
+2 20 5 1
+11 15 5 3
+4 10
cob=(2)
cfi=(16)
cfn=(424)
calls=5 0 
* 909 131 51 5
* 5
+2 5
-1 10 5 1
+2 20
cfi=(103)
cfn=(470) _IO_setb
calls=5 380 
* 90 5 2
+1 5
+1 25
-15 1
-2 9 1
+5 2

fl=(125)
fn=(518)
48 660940
+6 66094
-6 198282
+6 66094 66094
+13 66094
-1 132188 66094
+5 66094
+1 132188 66094
+9 66094
cfi=(126)
cfn=(520)
calls=66094 -49 
* 2114996 198283 6
+2 66094
+5 66094
-5 132188
+1 66094
+4 66094 66094 65288
+54 528752

fl=(94)
fn=(354)
33 3 1 1
+1 1

fl=(133)
fn=(580)
26 5292 305 101
+4 5185 1220 16
+1 610 305
+1 610
+2 305
+1 915
-1 1525
+1 305
cfi=(134)
cfn=(582)
calls=305 1236 
* 855199 156237 6844 5488 211
+3 305
-3 305
+3 305 305 2
+1 610
fi=(138)
875 305
+1 610 305 3
+1 2440 915 5
fe=(133)
43 1830

fl=(119)
fn=(502)
61 305
+2 305
+2 305 305 100
+3 305
+1 305 305 9
+11 305
+1 305 305 9
+11 305
+1 305 305 8
+11 305
+1 305 305 4
+2 5
+1 5
+2 5
+1 5
+5 5
+1 5 5 4
-1 300
+1 600 300
+5 300
+1 300
+1 300
+1 300
+2 300
+2 300
+1 300
+2 300 300
+8 305

fl=(83) /build/glibc-GKVZIf/glibc-2.23/time/../sysdeps/unix/syscall-template.S
fn=(312) setitimer
84 8 2
+1 2

fl=(118)
fn=(500)
66 342352
+1 342352
+1 342352
+1 342352
+1 342352
+1 342352
+1 342352
+2 342352
+2 342352 342352
+30 342352
+1 342352
+1 342352
+1 342352
+1 342352 342352 2
+1 342352
+1 342352

fl=(71)
fn=(276)
383 6
+13 1
-8 1
+8 1 1 1
+6 2
+1 2
-1 1
+1 10
cfi=(74)
cfn=(286)
calls=1 115 
* 9 2 1
+2 4 1 1
+67 2
+1 2 1 1
+2 1
+1 7
-79 5
cfi=(72) /build/glibc-GKVZIf/glibc-2.23/elf/dl-addr.c
cfn=(278) _dl_addr
calls=1 126 
* 57830 13092 2031 9 6
* 2 1
+1 4 1

fl=(127)
fn=(526)
39 12
+14 4
-14 4
+14 8 4 4
+9 16 0 0 4 1
cfi=(104)
cfn=(546) _IO_file_finish@@GLIBC_2.2.5
calls=4 200 
* 108 20 8
+1 12 4 2
+18 24 12
+3 8
cob=(2)
cfi=(16)
cfn=(536)
calls=4 -84 
* 648 128 18 4
+4 20
-34 4
cfi=(103)
cfn=(528) _IO_un_link
calls=4 +6 
* 352 76 31
+2 76 16 4
+1 8 4
+1 8
cfi=(104)
cfn=(530) _IO_file_close_it@@GLIBC_2.2.5
calls=4 160 
* 1231 198 49 10 2
* 12
fi=(128) /build/glibc-GKVZIf/glibc-2.23/libio/libioP.h
866 8 4
+1 36 12 4
fe=(127)
78 8 4 2

fl=(145)
fn=(622)
35 400 200 3
+2 200
+1 200
+1 400 200
+8 1000

fl=(116) /build/glibc-GKVZIf/glibc-2.23/stdlib/strtod.c
fn=(496) __strtod_internal
51 9
cfi=(117) /build/glibc-GKVZIf/glibc-2.23/stdlib/strtod_l.c
cfn=(498) ____strtod_l_internal
calls=3 481 
* 1961 338 136

fl=(126)
fn=(520)
32 4859737
+3 4859737
+1 4859737
+1 4859737
+1 4859737
+1 4859737
+2 4859737
+1 4859737
+2 4859737
+1 4859737 4859737 2
+1 4859737
+1 4859737 4859737 5
+1 4792853 4792853
+2 4792853
+1 4792853 4792853 4
+1 4792853
+1 4792853
+26 66884
+1 66884
+1 66884
+1 66884
+1 66884
+1 66884
+1 66884
+1 66884
+1 66884
+26 66884
+1 66884
+1 66884 66884
+2 66884
+1 66884
+1 66884
+1 66884
+1 66884
+1 66884
+2 66884
+3 66884
-5 4792853
+2 4792853
+3 4792853

fl=(154) /build/glibc-GKVZIf/glibc-2.23/nptl/unregister-atfork.c
fn=(682) __unregister_atfork
28 8
+8 2
+3 4 2
+1 6 2 1
+5 2
-6 4 2
+82 6

fl=(137)
fn=(596)
61 1238221
+4 1238221 1238221 7
+3 1238221
+1 1238221 1238221 120903
+2 1102822
+1 1102822
+2 1102822
+1 1102822
+5 1102822
+1 1102822 1102822 80819
-1 135399
+1 135399 135399 9681
+2 207078
+1 207078
+2 207078
+1 207078
+5 207078
+1 207078 207078 9
-1 1031143
+1 1031143 1031143 69903
+2 79225
+1 79225
+2 79225
+1 79225
+5 79225
+1 79225 79225 6
-1 1158996
+1 1158996 1158996 16
+2 302
+1 302
+2 302
+1 604
+5 302
+1 302 302 6
-1 1237919
+1 1237923 1237919 117
+5 4
+1 4
+1 4
+1 4
+2 4
+2 4
+1 4
+2 4 4
+6 1238221
+4 1238221

fl=(153)
fn=(680)
31 8
+17 2
-17 8
+4 8 2
+4 22 6 6
+5 4 2 2
-9 6 2
+32 8 2
+4 12 2 2
-4 6 2
+12 4 2
+3 2
-2 2
+2 12
-2 2
cfi=(154)
cfn=(682)
calls=2 -52 
* 32 6 1

fl=(103)
fn=(470)
380 27
+1 44 13 6
+3 9
+2 36
-3 9
+3 18
+3 39
-7 4
cob=(2)
cfi=(16)
cfn=(536)
calls=4 0 
* 648 128 16 4 1
* 20

fn=(456) __uflow
348 7
+2 21 7 6
+6 42 7
+3 14 7
+2 14 7
+6 14 7 3
+7 14
+1 7
-1 14 0 0 7 1
cfn=(458) _IO_default_uflow
calls=7 +39 
* 1120 167 68 20 4
-24 14 7 6
+22 21 7 2

fn=(462) _IO_doallocbuf
395 10 5 4
-1 15
+3 20 5 4
+1 15 0 0 5 1
cfi=(109)
cfn=(464)
calls=5 95 
* 1261 172 60 10 1
* 10 5
+3 20

fn=(472) _IO_switch_to_get_mode
176 14
-1 14
+1 7 7
+3 21 7 1
+5 7
-1 14
+1 7 7 4
+7 7
-4 7
+2 14
+2 7
+1 7
+1 14

fn=(620)
230 15468 5156 4
+2 15468 0 0 5156 1
cfi=(104)
cfn=(588) _IO_file_overflow@@GLIBC_2.2.5
calls=5156 808 
* 332912 63958 14 1514

fn=(434) _IO_link_in
98 24 8 3
-1 8
+3 8
-3 4
+5 4
-2 4
+2 20 4
+1 40 12 6
+2 4
-2 4
+1 4
+1 4
-2 4
+2 4
-2 4
+2 52 16 5
+2 4
-2 4
+4 4
+2 4
-3 4
-1 4
+4 28 8 2
+2 4
-1 4
+1 32 12 4
+1 8 4
+3 20
-6 28 8 4

fn=(528)
60 16 8 2
-1 16
+5 24 4
+1 40 12 6
+2 4
-2 4
+1 4
+1 4
-2 4
+2 4
-2 4
+2 52 16 7
+2 4
-2 12
+2 8 4
+2 8 4 2
+13 4
+2 4
-2 4
+2 32 8 4
+2 4
-1 4
+1 32 12 7
+1 8 4
+3 20
-6 28 8 4
-13 4
+1 4
-1 8

fn=(532) _IO_unsave_markers
1049 4
-2 4
+2 4 4 4
+19 12 4 4
+2 4

fn=(430) _IO_old_init
586 4
-16 4
+1 4
+15 4
+5 4
-21 4
+2 4
+1 4
+1 4
+17 4
-16 4
+1 4
+1 4
+1 4
+1 4
+1 4
+2 4
+1 4
+1 4
+1 4
+6 4 4
+1 16

fn=(428)
599 36
+1 4
cfn=(430)
calls=4 -14 
* 100 4
+3 4
-2 4
+2 4 4 2
+2 4
+1 4
+1 4
+1 4
+1 4
+1 4
+1 4
+1 4
+1 4
+1 4
+1 4
+1 4
+2 4
+7 4
+1 24

fn=(458)
413 7
-1 14
+1 7 0 0 7 1
cfi=(104)
cfn=(460) _IO_file_underflow@@GLIBC_2.2.5
calls=7 539 
* 1048 160 65 13 3
+1 14 7 3
+2 16
+1 14

fn=(592) _IO_default_xsputn
425 712 356
-3 3560
+8 1472 368 3
+2 1065
+3 710 355
+10 1065 355
+5 1065
-1 710 355 174
+1 885
-1 590 295 92
+2 1065
+2 355
+2 796 368 9 12 1
cfi=(104)
cfn=(588)
calls=12 808 
* 396 96 2
* 24 12
+2 12
-2 24
+4 356
+1 356
-1 356
+1 1780

fn=(486) _IO_sputbackc
673 7187
+3 7187
-3 7187
+3 14374 7187
+1 28748 7187 12
+9 7187
+3 14374
-10 21561

fn=(548) _IO_default_finish
639 16
+2 12 4 2
+6 12 4 2
+3 12 4 2
60 8 4
662 16

fl=(50)
fn=(190)
30 1
+1 1
+1 1
+1 1 1
+1 1
+1 1

fl=(100)
fn=(410)
32 205
+1 205
+1 205
+1 205
+1 205
+1 205
+1 205
+1 205
+4 205
+2 205
+2 205
cfi=(101) /build/glibc-GKVZIf/glibc-2.23/gmon/mcount.c
cfn=(412) __mcount_internal
calls=205 +13 
* 2460 410 15
+6 205
+1 205
+1 205
+1 205
+1 205
+1 205
+1 205
+1 205
+1 205

fl=(141)
fn=(610)
37 342348
-4 342348
+4 684696
+1 342348
+9 684696
+9 342348
-18 1027044
+18 342348
-18 342348
+9 342348
+9 342348 342348 65293
+4 551492 275746 3
+43 133204
+4 66602
-4 66602
+4 66602
-45 275746
+45 551492

fl=(79) /build/glibc-GKVZIf/glibc-2.23/gmon/../sysdeps/posix/profil.c
fn=(480) __profil_counter
40 6815
+5 1363
-5 1363
+5 9541
+2 2726 1363 101
+1 164
fi=(111) /build/glibc-GKVZIf/glibc-2.23/gmon/../sysdeps/unix/sysv/linux/x86_64/profil-counter.h
-18 1363
fe=(79)

fn=(304) profil
64 10
+9 4 2 1
+13 6 1 1
+5 1
+15 1
+3 1
-2 2
-5 3
+7 14
-8 1
+1 1
+1 1
+1 1
+2 1
+3 1
cfi=(80)
cfn=(306)
calls=1 -75 
* 105 6
* 2 1
+3 1
+1 1
cfi=(82)
cfn=(310)
calls=1 -86 
* 3
* 2
+2 1
-2 1
+2 1
-2 3
+1 3
+1 1
-1 1
+1 1
cfi=(83)
cfn=(312)
calls=1 -31 
* 5 1
+1 6
-38 1
-2 2 1
+4 4
cfi=(83)
cfn=(312)
calls=1 +4 
* 5 1
* 2 1
+3 3
-1 1
+1 1
cfi=(80)
cfn=(306)
calls=1 -49 
* 66 5 2
+33 6

fl=(45)
fn=(176)
109 1
+1 1
+1 1
+1 1 1 1
+10 1

fn=(186)
129 1
+1 1
+1 1
+1 1 1 1
+10 1

fl=(117)
fn=(504) str_to_mpn.isra.0
338 28
+14 4
-1 4
-13 8
+14 32 4
+34 20 5 3
+3 4 2 2
+7 6
+3 2
+1 2
+2 2
-3 2
+3 2 2 1
-6 3
+3 3
+1 3
+2 3
-3 3
+3 3 3 3
-47 2 1 1
+49 16 4 4
+9 4
-2 8
+2 4
-2 4
+2 4 4
+2 4
+1 4
+15 36

fn=(508) round_and_return
197 30
fi=(121) /build/glibc-GKVZIf/glibc-2.23/stdlib/../sysdeps/generic/get-rounding-mode.h
94 3
+1 15 6 3
fe=(117)
200 6 3 3
+94 6 3 1
+35 21
fi=(121)
104 3
-9 6 3 3
fe=(117)
301 9 3 3
-4 3
fi=(122) /build/glibc-GKVZIf/glibc-2.23/stdlib/../include/rounding-mode.h
46 12 6 2
fe=(117)
328 9
cfi=(124)
cfn=(516)
calls=3 39 
* 42
* 33
fi=(122)
46 6 3
+6 6 3
fe=(117)
297 6 3
fi=(123) /build/glibc-GKVZIf/glibc-2.23/stdlib/../stdlib/gmp.h
447 3
fe=(117)
306 6
fi=(123)
448 3
fe=(117)
306 3 3
+10 6 3 2

fn=(498)
481 21
+55 3
-55 9
+53 3
+2 3 3 2
+18 3
-1 3
+15 6
+1 6
cfi=(118)
cfn=(500)
calls=3 66 
* 48 6 2
+1 3
-1 3
+1 6 3
+10 3
-6 3
+6 9
+3 6
+1 3
-1 3
+1 3 3
+3 6 3
+5 3
-17 3
+17 3 3
+13 9 3
+1 6 3 2
+56 12 3 3
+19 2 1 1
-67 9 3 2
1743 24
487 4
683 4
-1 4 2
+1 4
+23 9 3 1
-1 4
+2 6 2 2
+41 9 3 1
+1 6 3
+12 6 3 3
+13 2
-26 4 1 1
+4 3
+25 6 3 1
+42 12
+9 6 3
+1 12 3 1
-1 9 3
+7 9
+1 9 3 3
+11 6 3
+6 3
+1 3
-1 6
+1 3 3 3
725 9
855 15 6
986 6 3
+2 6 3 2
+5 6 3
+3 6 3 2
+20 6
+2 6 3 2
-3 6 3 2
+6 9 3 2
+9 2 1
+2 2 1 1
+10 4 2
+3 5 1
+4 1
-8 1
+8 1
+1 1
-1 1
-8 2
+13 6 3
+92 3
+2 14 3 1
+1 2
+1 2
+3 4
-3 2
+3 4 2 2
-4 1
+1 1
+3 2
-3 1
+3 2 1
662 6 2
+19 2
487 2
681 4 2
+31 4 2
+1 8 2
-1 6 2
+8 4 2 2
1165 6 3
576 3
1168 6 3 1
1330 18 6
+9 6 3 2
+3 4 2
+1 3
+29 4
+1 1
-1 9 1
+1 2
-1 2 2
+1 9
+2 12 3 3
+8 3
-56 3
+1 3
+55 3
+3 3
+17 3
-20 6
+20 3
-20 3
-57 3
+77 9
-16 3
+16 3
-77 3
+77 12
-6 3
+1 18
cfi=(119)
cfn=(502)
calls=3 61 
* 54 18 9
+15 5
+1 5
+2 10 5 3
-26 10 5 1
+3 4
+2 4
+2 4
-2 4 4 3
+8 8
cfi=(125)
cfn=(518)
calls=1 48 
* 56 8 2
+4 1
+1 1
-1 1
+1 1 1 1
+1 2
+1 1
-1 2
1148 5
-10 18
1418 6 3 1
+4 27
cfn=(504)
calls=3 338 
* 170 20 11
+17 9
+2 6
-2 3
+2 6 3
+4 15
cfi=(120)
cfn=(506)
calls=3 29 
* 45 9 5
+1 15
cfi=(120)
cfn=(506)
calls=3 29 
* 45 9 4
+1 6 3 1
+11 3
+2 3
-2 3
+2 3 3 2
186 6
681 2
487 11
841 36 6 2
+3 8
-7 16 4 2
+7 4
-7 26 5 1
1348 8 4 1
+6 18
+10 2
-10 2
+10 2
-10 2
+10 6
+5 5 2 2
1171 10
cfn=(504)
calls=1 338 
* 50 5 3
* 1
+6 7 1
+44 1
+1 2
-1 2
+1 1
+4 1
-4 1
+4 1 1
+6 2 1 1
1469 3
-2 3
+1 3
+1 12 6
+4 3
+38 3
-38 9
+38 3
-38 6
+38 43 7 1
+4 24
cfn=(508)
calls=2 197 
* 158 26 12
* 12
cfn=(508)
calls=1 197 
* 79 13 5
* 3
-4 2 1 1
+2 2
-2 10 1
cfi=(120)
cfn=(506)
calls=1 29 
* 15 3 2
* 6
-92 4
cfi=(119)
cfn=(502)
calls=1 61 
* 18 6 4
* 1
1264 2 1 1
+39 6
cfi=(119)
cfn=(502)
calls=1 61 
* 18 6 5
* 2

fl=(95)
fn=(380)
134 7
+4 1
-4 3
+4 3 1 1
+82 1
-82 1
+82 1 1
+1 4
cfi=(84)
cfn=(320)
calls=1 57 
* 66 9 4
+22 4 1
+3 2 1
+1 5 0 0 1 1
cob=(5)
cfi=(65)
cfn=(382) __libc_csu_init
calls=1 0 
* 61 6 1 1 1
+4 4 1
+15 2 1
+12 2
cfi=(96)
cfn=(398)
calls=1 30 
* 30 1 1
+1 2 1
+5 2
+1 2
+3 2
+3 6 0 0 1 1
cob=(5)
cfi=(99) /home/samc/Repos/D2Q9-BGk/d2q9-bgk.c
cfn=(404) main
calls=1 127 
* 1547047860 177027118 2386241 2164680 291345
+34 2
cfi=(150)
cfn=(652)
calls=1 104 
* 1412 297 80 12 12
138 2

fl=(149)
fn=(650)
84 16 4
+1 4

fl=(81)
fn=(308)
47 2
+4 2
-4 2
+4 2 2
+3 4
-1 2
+1 4
-1 2
+1 56
+1 2
-1 2
+1 2
+7 2
-7 4
+2 4
+5 21 4 1
+3 6 3 1
+3 1
-1 1
+1 2
-1 1
+1 28
+1 1
-1 1
+1 1
+1 2
+3 4
-11 2

fl=(101)
fn=(412)
60 205
+12 410
-12 205
+12 410 205 8
+9 205
+1 410 205 7
+87 205
+5 410

fl=(106) /build/glibc-GKVZIf/glibc-2.23/string/../string/strstr.c
fn=(444) __GI_strstr
53 28
+10 12 4 3
+2 8 4 1
+1 4
+23 32
-26 4
-5 8

fl=(72)
fn=(278)
126 9
+5 1
-5 2
+5 2 0 0 1 1
cob=(1)
cfi=(2)
cfn=(50)
calls=1 688 
* 2
+2 2
cob=(1)
cfi=(66)
cfn=(257)
calls=1 -69 
* 1351 188 23 5 3
* 5 0 0 2 1
+2 2 1
30 1
+1 1
-1 1
+1 1
+3 2 1
+5 1
+6 1
-7 1
+2 2
+2 1
-2 1
+2 1
+3 1 1
+5 8 1
+2 1
+1 2 1 1
-1 1010
+1 2020 1010 111
+2 3628
+9 2010 670 31
+7 24
-2 24
+2 2259 24 11
-2 2211
+2 5750 2211 1018
-10 11175 2235 22
+2 8940 2235 3
+1 14318 3500 790
+7 1011
-21 2022 1011 19
+49 3 1
+1 1
+1 3 1 1
+3 2 1 1
+37 2 0 0 1 1
cob=(1)
cfi=(2)
cfn=(52)
calls=1 694 
* 2
+3 9
-28 1
+1 1
+21 2

fl=(91)
fn=(344)
31 5
+2 1
+2 1
-4 1
+4 1
-4 1
+2 3
+2 3

fl=(120)
fn=(506)
29 342355
+1 342355
+2 342355
+1 342355
+1 342355 342355 15
+12 342355
+1 342355 342355
+1 342355
+1 342355
+1 342355
+1 342355
+1 342355 342355 10
+6 342355
+1 342355
+1 342355

fl=(139) /build/glibc-GKVZIf/glibc-2.23/stdio-common/printf-parse.h
fn=(606) read_int
73 342348
+12 342348
-12 684696
+2 4792851 684693 9
+1 684690 342345
+2 684690 342345
+6 342345
+1 684690
+3 1711725
+5 342348

fl=(78)
fn=(300)
53 257
+1 257
+1 257
+1 257
+1 257
+2 257
+1 257 257 4
+17 257
+1 257
+1 257
+1 257
+1 257
+1 257
+1 257
+1 257
+1 257
+1 257
+1 257
+1 257
+1 257
+1 514 257
+3 257
+1 257
+1 257
+1 257
+1 257
+1 257
+1 257 257 4
-6 3712
+1 3712
+1 3712
+1 3712
+1 3712
+1 3712
+1 3712 3712 277
+1 257

fl=(46)
fn=(178)
38 1
-1 1
+1 6
fi=(47) /build/glibc-GKVZIf/glibc-2.23/time/../sysdeps/generic/dl-hash.h
+10 3
+14 4
-17 3 1 1
+3 9
+14 12
-17 9 3 2
fe=(46)
-7 3 1
+3 2
-3 1
+3 1
cfi=(48)
cfn=(182)
calls=1 -14 
* 6 1 1
+1 3
+1 2

fl=(68)
fn=(302) moncontrol
80 4 2 1
-4 2
+7 4 2 1
+9 5
cfi=(79)
cfn=(304)
calls=1 -28 
* 98 9 3
+1 1
+2 4
-9 5
cfi=(79)
cfn=(304)
calls=1 -22 
* 178 10 1
+1 2

fn=(262)
101 2
+9 1
-9 2
+10 1
+13 1
-14 1
+1 1
-10 1
+9 1
+2 1
-1 1
+3 1
-2 1
+9 1
+3 1
-11 1
-1 1
+1 1
+11 1
-11 1
+10 1
+1 2
-11 2
+11 1
+1 2 1 1
+6 2
-2 1
+2 2
cob=(1)
cfi=(66)
cfn=(257)
calls=1 -67 
* 60594 13516 2100 13 10
* 5 0 0 2 2
+1 2 1
+15 1
-7 1
-1 1
+9 1
-7 1
+2 1
+5 1
-3 1
-2 1
+23 1
-18 1 1
+3 11 1
+18 1
-1 1
+1 4
-1 1
cfn=(302)
calls=1 -88 
* 192 12 2
-41 2 1 1
+1 1
-4 3

fn=(712)
418 1
+1 2
cfn=(302)
calls=1 80 
* 111 11 4
+2 2 1
+1 1
cfn=(714) write_gmon
calls=1 -87 
* 368 109 10

fn=(714)
335 1
+8 1
-8 7
+8 1
cfi=(155) /build/glibc-GKVZIf/glibc-2.23/stdlib/getenv.c
cfn=(716) getenv
calls=1 34 
* 356 108 9
+1 2 1 1

fl=(104)
fn=(534) _IO_file_close
1250 20 4 4
+1 4

fn=(586) _IO_file_xsputn@@GLIBC_2.2.5
1287 1041605
-1 2083210 1041605 4
-6 8960690
+13 3584276 896069 12
+17 3581444 895361 197
+1 895165
+3 3581368 895165 4
+5 3583492
cfi=(137)
cfn=(596)
calls=895873 61 
* 16730876 5375242 281460
* 895873
+6 895873
-1 895873
+1 1791746
+2 1791746 895873 134
+27 1792138
+1 7314088
-24 980 0 0 196 1
cfn=(588)
calls=196 808 
* 23849 3614 45 202
* 392 196
+6 1322
+1 1983 661 9
+2 1983 661
+11 1322 661 2
+1 1424
cfi=(103)
cfn=(592)
calls=356 425 
* 17354 2560 280 12 1
* 712
-57 2124
+1 1416 708
+3 2124 708
+2 13403 4366 5
-2 8928 4061 403
+39 2644
-35 305
+11 1525 305 3
+17 1860 0 0 465 1
cfn=(588)
calls=465 808 
* 54438 8370 23 465 1
* 930 465 4

fn=(530)
160 12 4
-2 8
+9 4
-9 4
+5 20 4 2
+6 4
+3 4
-3 4
cfi=(103)
cfn=(532)
calls=4 1049 
* 28 8 8
+3 8 4 4
+4 12 4 4
+9 20
cfi=(103)
cfn=(470)
calls=4 380 
* 764 136 20 4 1
+1 8
+3 4
-3 4
+1 12
+2 4
cfi=(103)
cfn=(528)
calls=4 60 
* 12 4 1
+5 8
-4 4
+1 4
+1 4
+2 4
+1 16
-23 12 0 0 4 1
cfn=(534)
calls=4 1250 
* 24 4 4
* 8
-7 14 2 2
cfn=(590) _IO_do_write@@GLIBC_2.2.5
calls=2 494 
* 193 28 4 2
* 4

fn=(588)
808 17487 5829
+7 5829
-8 29145
+8 29133 11655 5
+35 11658 5829 10
+3 10336 5168 2
+3 15504
+1 15504 5168
+1 17644 8822 4
+4 5168
+1 20672
-45 6 3 3
+12 6 3
+9 12 3
+8 3
-4 3
+3 6
-2 6
-3 3
+1 6
+5 3
-1 3
+1 9 6 2
+1 2
+6 10598 3028
-3 1322
+12 1983
-12 661
cfn=(590)
calls=661 494 
* 62848 9215 19 658 1
-31 6
cfi=(103)
cfn=(462)
calls=3 395 
* 817 113 29 9
+1 18
+33 4542
cfn=(590)
calls=1514 494 
* 146110 21196 10 1514
* 4542

fn=(436)
249 28
+11 8 4
+2 16 6 5
+9 2
-2 2
+1 2
+17 48 20 1
+41 24
cfn=(438) _IO_file_open
calls=4 214 
* 181 24 5
+3 4
-3 4
+3 4 4
+17 12
cfi=(106)
cfn=(444)
calls=4 53 
* 96 8 4
+1 4
-1 4
+1 4 4 2
-83 2
-1 2
-15 4
425 4
-76 4
+76 28

fn=(546)
200 4
+1 4
-1 4
+1 4 4 2
+6 8
+1 4
-1 4
cfi=(103)
cfn=(548)
calls=4 639 
* 76 16 6

fn=(432)
144 8
+4 4
-4 8
+5 4
-1 4
+3 4
cfi=(103)
cfn=(434)
calls=4 -53 
* 324 68 21
+1 4
+1 16

fn=(438)
214 24
+3 8 4 2
+8 8 4
+3 8
+3 4
-3 4
-1 4
+1 8
+3 4
-3 4
+3 4 4
+10 8
cfi=(103)
cfn=(434)
calls=4 98 
* 16 4 3
+1 4
+1 16
-22 16
cfi=(105)
cfn=(440)
calls=4 84 
* 29 8
* 12

fn=(460)
539 21 7
+6 21 7
-14 28
+17 14 7 4
+13 14 7 4
+20 14
cfi=(103)
cfn=(472)
calls=7 176 
* 140 21 5
+6 7
+5 28
-5 14
+1 7
+2 7
-1 14
+3 7 0 0 7 1
cfn=(474) _IO_file_read
calls=7 1216 
* 80 21 4
+2 14 7 3
+16 4
-9 4
+9 8 4 4
+2 8
+1 16
-16 3
-1 3 3
+1 6
+10 3
+6 3
-5 3
+5 9
-62 6 2 2
+5 4
cfi=(103)
cfn=(462)
calls=2 395 
* 534 74 39 6 2
* 4

fn=(466)
1229 5
+1 15
cfi=(110)
cfn=(468)
calls=5 34 
* 50 10

fn=(474)
1216 28 7 4
cfi=(105)
cfn=(476)
calls=7 84 
* 52 14

fn=(590)
494 6531 2177 10
+1 3
-3 17392
+11 4348 2174
+7 8696 2174 6
+8 10870 0 0 2174 1
cfn=(598) _IO_file_write@@GLIBC_2.2.5
calls=2174 1258 
* 96701 15218 11
* 2174
+1 10870 4348
+6 2174
-4 2174
+4 2174
-4 6522
+1 4348
+3 4043 2174 2
-2 1869
-29 7476
+1 11214
+28 305
-29 1220
+1 1830
+29 6217 2174 4

fn=(598)
1258 2174
-2 13044
+2 8696 2174
+4 4348
+1 4348 2174 4
+10 6522 2174 7
+3 13044
-13 8696
cfi=(105)
cfn=(600)
calls=2174 84 
* 16263 4348
+1 4348 2174
+5 2174
+1 2174
-12 10870 2174

fl=(108)
fn=(454)
279 10320
+11 1032
-11 2064
+11 2064
+1 1032
fi=(114) /build/glibc-GKVZIf/glibc-2.23/stdio-common/../include/scratch_buffer.h
79 1032
fe=(108)
291 1032
fi=(114)
78 4128
fe=(108)
341 6192
+6 3098 1032 4
+3 5160 2064
+4 1032
+20 1032
-20 1032
+20 1032
-13 2064
+6 1032
+2 3096
+5 1032
-5 1032
+5 6192 2064 4
2671 1032
315 1032
-30 1032
-1 2064
+95 1032
2671 1032
2215 2064
334 2064
-4 1032
-1 1032
-1 2064
-1 1032
-32 1032
-12 1032
2215 1032
383 21570 7190 1031
+37 18477 6159 4
+23 6159
+1 6159
-1 6159
+1 6159 6159 7
+3 15395 3079 4
3024 8256 3096 6
fi=(114)
86 5160 1032 5
fe=(108)
3027 3096 1032 5
+3 2064 1032 1
+17 4124 1031 2
+6 9288
449 15395
347 2060 1030 2
+3 2
+24 6192 1032 4
3035 2 1 1
466 3080
223 3080
+1 6160
489 12320 3080 4
-6 9240
+24 6160 3080 2
+21 3080
+7 3080
-7 9240 3080 2
+10 30800 3080 0 3080 3
+80 6160 3080
+5 6160
-1 3080
+1 3080 3080 1028
+1 4128 1032 3
+3 3080
+1 12320
-1 6160
+1 3080
-1 3080
+1 15400
+6 30756 5128 5
+3 10248
-3 10248
+3 15378 5124 5
-3 6
+3 9 3 3
-3 10256 5128 9
+3 3086 1
+1 6160
+1 15400
-1 3080
+1 12317 3080 1
+4 3079
-4 6158
cfi=(103)
cfn=(486)
calls=3079 +34 
* 46185 6158 4
+4 24632 3079 0 3079 3
-19 3096 1032 4
-73 12 3
+8 6
+75 8
cfi=(103)
cfn=(456)
calls=4 348 
* 981 156 67 18 5
* 12 5 4
+2 6160
+7 8 1 0 1 1
507 27720 3080 2
288 1031
3014 8248 1031
+3 16486 2062 2
+1 8248 2062 4
-1 4124 2062 6
538 6154
1404 27686 6153 1
+5 3076
-5 3076
+5 6152 3076 2
+9 15380 6152 521
+3 516
261 516
1421 1548
261 516
1421 516
261 1032 516
+3 1548
1424 3612 516
+2 4128 1032
+11 1548 516 2
1748 15380
fi=(114)
114 12304
fe=(108)
1739 33108 16554 1
+2 16554 8277 2
+5 49662 13478 3251
+64 9228 3076
+7 9228 3076
+1 6152 3076 1013
+28 18456 3076
cfi=(103)
cfn=(486)
calls=3076 673 
* 46140 6152 4
* 3076
261 6152 3076
+3 12304
1850 6152 3076
+17 3076
+1 9228
-1 3076
+1 3076
-1 6152 3076
+1 3076
cfi=(112)
cfn=(488)
calls=3076 98 
* 392191 90393 3129
+6 9228 3076
+3 12304 3076
+2 6152 3076
+4 6152 3076 2
2458 9237
643 1
1396 1
+1 1
-2 1
+2 1
-1 3076
+1 3076
-2 3076
+2 3076
1918 24 3
+1 9 3
+8 9 3 2
+13 18 3
+21 6 3
+64 15 6 1
261 6 2
+3 6
2028 14 2
+2 8
+1 18 4 2
-7 4
+22 2
+16 6
+66 2
-66 6
fi=(114)
114 6
fe=(108)
2128 8
-66 3
+66 1
-66 3
fi=(114)
114 3
fe=(108)
2128 4
261 14 7 2
+3 21
2166 81 17 5
+4 10
-4 10
+4 40
2051 20 10
2170 3
2051 6 3
+6 39 13 8
+5 12 6 4
+33 12
+4 6
-4 6
+2 12 6 3
+2 12 3
+1 12 3 2
+13 18 3 2
261 9 3
+3 9
2113 21 3
+2 6 3 2
+2 3
+49 15 6 2
+7 6 3
+8 15 3
2418 3
-10 3
+10 12 6 2
261 6 3
+3 9
2426 6 3
+6 3
+2 3
-2 3 3 1
+7 3
+2 9
-2 3
+2 3
-2 3 3
+2 3
cfi=(116)
cfn=(496)
calls=3 51 
* 1970 338 136
+2 21 6
+1 42 9 2
+10 6 3 1
643 3076
-4 6155
+4 6
1404 2
+2 6 1
1743 5201
261 15603 5201
+3 15603
1805 20804
+2 52007 10402 1
-59 15380 6152 2
+59 3
cfi=(103)
cfn=(456)
calls=1 348 
* 110 20 4 3
* 4 1 1
1441 7680 2560 2
+3 12304 3076
3017 4
cfi=(103)
cfn=(456)
calls=2 348 
* 211 40 14 6
* 18 2
1444 9228 3076 2
2062 18 6 4
1107 4
288 1031
3019 5149 1031 2
cfi=(103)
cfn=(486)
calls=1029 673 
* 15435 2058 2
* 1029
2110 9 3
+37 6 3 2
-77 12 6
+1 36 6 3
264 3
1937 6
1820 6304 1576 2
+65 6152 3076 1
250 1
2024 1
1924 3
-22 30760 3076
-15 6152 3076
+1 9228 3076 2
2159 18 3
cfi=(103)
cfn=(486)
calls=3 673 
* 45 6 2
* 3
288 9

fl=(134)
fn=(582)
1236 1166728
+31 437523
+8 437526 145841 8
+4 729205 291682
+11 729205 145841
+11 145841
fi=(139)
108 437523
fe=(134)
1316 145841
-15 729205
fi=(139)
108 145841
cfi=(135)
cfn=(584)
calls=145841 -84 
* 2916916 291686 6
fe=(134)
1316 145841
fi=(139)
108 145841
fe=(134)
1312 145841
+4 291682 145841 7
+4 1166728 0 0 145841 1
cfi=(104)
cfn=(586)
calls=145841 -33 
* 625358 156840 476 18 2
* 583364 145841 15
1685 729205 291682
+1 291682 145841
+2 145841
+1 1166728
1275 291676 145838 4
+41 875046 145841
+1 875046 145841 5
+3 291682 145841 15
+4 145841
-4 145841
+4 291682 145841 1
+4 1750080 437520 14
1552 291680
-21 291680
1632 291680
-1 291680
1370 9285840 619056
-7 619056
-1 619056
-3 619056
-1 619056
+8 619056
+4 619056
-3 619056
-10 619056
-1 619056
-1 619056
-1 619056
-1 619056
+14 619056
-15 619056
-1 619056
-1 619056
-1 619056
+18 1238112 0 0 619056 291272
1649 619056
+2 1238112 619056 14
+8 619056
fi=(139)
108 1238112
fe=(134)
1659 619056
fi=(139)
108 619056
fe=(134)
1659 619056
fi=(139)
108 1238112
cfi=(135)
cfn=(584)
calls=619056 -84 
* 12381120 1238112 7
fe=(134)
1663 619056
-4 619056
+4 6809616 619056 1 619056 1
cfi=(104)
cfn=(586)
calls=619056 1287 
* 40305482 6819890 83348 876 2
* 8047728 1238112 2
+2 1383952 619056 65550
-61 48 3 2
-1 3
+1 6 0 0 3 1
+27 16065652 3190436 65053 276708 1
cfi=(104)
cfn=(586)
calls=276708 1287 
* 18629641 3049921 198761 446
* 2767080 553416
+1 553416
-1 3320496 276708 4
cfi=(136) /build/glibc-GKVZIf/glibc-2.23/stdio-common/_itoa.c
cfn=(594) _itoa_word
calls=276708 168 
* 12265224 1068220 94808
* 8806214 1595218 7465
-43 1027044 0 0 342348 3
+43 22099364 3160920 251
cfi=(140)
cfn=(608)
calls=342348 215 
* 538695531 96036046 1754756 6670 1
* 7531656 1369392
1523 1027044
+1 1027044 342348 1
+26 342348
+14 342348
-14 684696 342348 7
+38 4792872 342348 3
-36 1369392
cfi=(139)
cfn=(606)
calls=342348 73 
* 10612731 1369383 9
* 342348
+4 1369392 342348
+9 1711740 684696 7

fl=(155)
fn=(716)
34 8
+1 1
cfi=(118)
cfn=(500)
calls=1 +31 
* 16 2
* 1
+4 7 2 1
+3 2 1 1
+49 9
-24 1
+6 1
+2 1
-3 1
+3 206 52 2
+9 102 51 5

fl=(136)
fn=(594)
168 1106832
+2 553416 276708 3
+9 10051560 791512 94805
+9 553416

fl=(51)
fn=(192)
37 2
-1 2
+1 12
fi=(47)
+11 6
+14 8
-17 6 2 2
+3 18
+14 24
-17 18 6 4
fe=(51)
-8 6 2
+3 4
-3 2
+3 2
cfi=(48)
cfn=(182)
calls=2 -13 
* 12 2 1
+1 6
+1 4

fn=(568)
29 8 2
+1 2

fl=(48)
fn=(182)
27 10
+4 10 5 4
-3 10

ob=(5)
fl=(65)
fn=(248)
0 16 3 1
cob=(1)
cfi=(66)
cfn=(256)
calls=1 64 
0 62038 13685 2124 23 15
0 5 0 0 2 2
0 3
cfn=(314) atexit
calls=1 0 
0 1189 154 12 9 3

fn=(664) 0x0000000000401290
0 8 1 1

fn=(314)
0 6 1
cob=(1)
cfi=(66)
cfn=(256)
calls=1 64 
0 1178 153 12 7 2
0 5 0 0 2 1

fn=(390) 0x0000000000401330
0 16 2 1

fn=(374)
0 11
cob=(1)
cfi=(66)
cfn=(256)
calls=1 64 
0 1547050670 177027590 2386337 2164703 291362
0 5 0 0 2 1

fn=(660)
0 5 1
cfn=(664)
calls=1 0 
0 8 1 1
0 3

fn=(382)
0 15
cob=(2)
cfi=(16)
cfn=(384)
calls=1 0 
0 11 2
0 8 1 0 1 1
cfn=(390)
calls=1 0 
0 16 2 1
0 11 1

fl=(99)
fn=(414) initialise
436 9
cob=(3)
cfi=(100)
cfn=(410)
calls=1 32 
* 32 2 2
* 1 0 0 1 1
* 2
+8 1
-8 9
+8 1
cob=(1)
cfi=(66)
cfn=(257)
calls=1 64 
* 1556 202 34 8 2
* 5 0 0 2 1
+2 1
-2 1
+2 1 1
+7 5
cob=(1)
cfi=(66)
cfn=(257)
calls=1 64 
* 2386 364 111 17 9
* 5 0 0 2 1
+2 2 1
+2 5
cob=(3)
cfi=(107)
cfn=(452)
calls=1 26 
* 770 149 51 2
* 1 0 0 1 1
+2 2 1
+2 5
cob=(3)
cfi=(107)
cfn=(452)
calls=1 26 
* 878 177 17 2
* 1 0 0 1
+2 2 1
+2 5
cob=(3)
cfi=(107)
cfn=(452)
calls=1 26 
* 714 134 3 2
* 1 0 0 1
+2 2 1
+2 5
cob=(3)
cfi=(107)
cfn=(452)
calls=1 26 
* 1234 214 72 2 2
* 1 0 0 1
+2 2 1
+2 5
cob=(3)
cfi=(107)
cfn=(452)
calls=1 26 
* 1440 250 77 2
* 1 0 0 1
+2 2 1
+2 5
cob=(3)
cfi=(107)
cfn=(452)
calls=1 26 
* 1466 257 72 5
* 1 0 0 1
+2 2 1
+3 2
cob=(1)
cfi=(66)
cfn=(257)
calls=1 64 
* 1685 256 66 11 5
* 5 0 0 2 1
+22 11
cob=(1)
cfi=(66)
cfn=(257)
calls=1 64 
* 1350 182 30 7 1
* 5 0 0 2 1
+2 1
-2 1
+2 2 1
+3 2
cob=(3)
cfi=(69)
cfn=(426)
calls=1 2903 
* 280 43 20
* 1 0 0 1 1
* 1
+2 1
-2 1
+2 1 1
+3 2
cob=(3)
cfi=(69)
cfn=(426)
calls=1 2903 
* 280 43 3
* 1 0 0 1
+2 1
-2 2
+2 1 1
+3 1
+4 1
-4 1
+1 1
-1 1
+4 1
-3 1
-1 1
+2 1
-2 1
+1 1
+3 7 1
+2 2560 256 1
+3 512
+2 256
+1 256
+1 256
+1 256
+2 256
+1 256
+1 256
+1 256
-13 512 256 3
+3 130560
+2 65280
+1 65280
+1 65280
+1 65280
+2 65280
+1 65280
+1 65280
+1 65280
-13 130560 65280 269
-2 1024 256 3
+24 5
-2 2048 256
cob=(3)
cfi=(78)
cfn=(300)
calls=255 53 
* 32640 4335 265
cob=(1)
cfi=(66)
cfn=(257)
calls=1 64 
* 1197 155 16 8 2
* 260 0 0 257 2
-2 1024 256 3
+9 3
cob=(3)
cfi=(102)
cfn=(420)
calls=1 97 
* 503 66 28 1
* 1 0 0 1 1
+2 1
-2 1
+2 1 1 1
+10 2048 1024
+2 6144 2048
+2 5120 2048 1
+2 2048 1024
+3 5120
-12 7168
cob=(3)
cfi=(107)
cfn=(452)
calls=1024 26 
* 1724962 337972 9941 6152 1
* 1024 0 0 1024
* 7
cob=(3)
cfi=(107)
cfn=(452)
calls=1 26 
* 1925 347 83 12 2
* 1 0 0 1 1
* 2050 1025 2
+16 2
cob=(3)
cfi=(127)
cfn=(526)
calls=1 39 
* 599 113 32 4
* 1 0 0 1 1
+6 3
cob=(3)
cfi=(69)
cfn=(426)
calls=1 2903 
* 280 43 4
* 1 0 0 1
* 2
+3 12 1

fn=(644) finalise
590 7
cob=(3)
cfi=(100)
cfn=(410)
calls=1 32 
* 32 2 2
* 1 0 0 1
+4 1
-4 4
+4 1
cob=(1)
cfi=(66)
cfn=(257)
calls=1 64 
* 1151 151 15 8 3
* 5 0 0 2 1
+1 1
+2 2
cob=(3)
cfi=(69)
cfn=(538)
calls=1 2935 
* 56 10 1
* 1 0 0 1 1
+1 1
+2 2
cob=(3)
cfi=(69)
cfn=(538)
calls=1 2935 
* 49 9 2
* 1 0 0 1
+1 1
+2 2
cob=(3)
cfi=(69)
cfn=(538)
calls=1 2935 
* 49 9 3
* 1 0 0 1
+1 1
+3 7

fn=(572) av_velocity
377 909
cob=(3)
cfi=(100)
cfn=(410)
calls=101 32 
* 3232 202 6
* 101 0 0 101
* 101
+8 303
-3 101
+3 1111 101
+2 258560 25856
+3 19857408 6619136 25776
+7 65161160
+4 6516116
-4 13032232
+15 6516116
-11 6516116
-4 6516116
+4 6516116
-4 6516116
+15 6516116
-11 6516116
-4 6516116
+4 6516116
-4 6516116
+15 6516116
-15 13032232
+15 6516116
-11 6516116
+11 13032232
+11 45612812 6516116 4
+2 19548348
-38 13032232 6516116 11
+38 206040
-38 206040 103020 218
-2 103626 25856 104
+45 101
+1 707
-1 101
+1 101

fn=(632) write_values
636 9
cob=(3)
cfi=(100)
cfn=(410)
calls=1 32 
* 32 2 2
* 1 0 0 1
* 4
+9 2
-9 5
+9 1
cob=(3)
cfi=(102)
cfn=(420)
calls=1 97 
* 503 67 11 1
* 1 0 0 1
+2 1
-2 1
+2 1 1
+5 5 1
+2 2560 256 1
+15 709676
+4 64516
-4 64516
+4 64516
-4 64516
+4 64516
-4 64516
+4 64516
-4 64516
+12 64516
-8 64516
-4 64516
+12 64516
-12 64516
+12 64516
-12 64516
+12 64516
-8 64516
+8 129032
+8 516128 64516
+2 64516
fi=(132) /usr/include/x86_64-linux-gnu/bits/stdio2.h
97 580644
cob=(3)
cfi=(148)
cfn=(640)
calls=64516 -71 
* 576517055 96415612 1830837 1422038 129032
* 64516 0 0 64516
* 9180
cob=(3)
cfi=(148)
cfn=(640)
calls=1019 -71 
* 9100365 1522943 28976 22456 2038
cob=(1)
cfi=(66)
cfn=(257)
calls=1 -33 
* 10389 1682 124 34 6
* 1024 0 0 1021 2
fe=(99)
654 131072 65536 256
+3 262144 65536 258
+2 1020
+1 1020
-1 1020
+1 1020
-1 2040
-7 1024 256 3
+47 2
cob=(3)
cfi=(127)
cfn=(526)
calls=1 39 
* 705 128 21 5
* 1 0 0 1
+2 3
cob=(3)
cfi=(102)
cfn=(420)
calls=1 97 
* 503 67 7 1
* 1 0 0 1
+2 1
-2 1
+2 1 1
+5 7 1
fi=(132)
97 8
cob=(3)
cfi=(148)
cfn=(640)
calls=1 -71 
* 3176 520 32 11 1
* 1 0 0 1
* 639992
cob=(3)
cfi=(148)
cfn=(640)
calls=79999 -71 
* 196256898 31927956 403818 561003 159998
* 79999 0 0 79999
fe=(99)
708 160000 80000 3
+5 2
cob=(3)
cfi=(127)
cfn=(526)
calls=1 39 
* 704 128 13 5
* 1 0 0 1
+3 9

fn=(404)
127 9
cob=(1)
cfi=(66)
cfn=(257)
calls=1 -63 
* 1093 138 9 7 2
* 5 0 0 2 1
* 3
+15 1
-15 1
+4 1
+1 1
+1 1
+1 1
+8 1 1
+11 10
cfn=(414)
calls=1 436 
* 2600438 419047 11210 7537 36
+3 3
cob=(1)
cfi=(66)
cfn=(257)
calls=1 -92 
* 1237 155 14 9 3
* 5 0 0 2 1
+1 14
+4 7
+47 1
-47 3
+41 5
+4 1
-4 1
+1 1
-1 1
+6 1 1 1
-51 297
+4 693
+47 99
-47 297
+41 495
+4 99
-4 99
+1 99
-1 99
+6 799 99
+4 76800 25600 103
+1 101600 25400
+1 101600 25400 1
+1 101600 25400
+3 25400
+4 25400
-4 25400
+5 25400
+1 25400
-6 25400
+1 76200
+1 152400
-12 50800 25400 4
+12 400
-12 400 200 3
-15 1200
cfn=(570) propagate
calls=100 +46 
* 328684900 6605100 25742 100
+87 900 100
+2 256000 25600
+3 19660800 6553600 25512
+76 204000
+1 204000
+1 204000
+1 204000
+1 204000
+1 204000
+1 204000
+1 510000
-86 204000 102000 211
+86 19354800
-86 12903200 6451600 10
-2 102400 25600 102
162 1200
cfn=(572)
calls=100 377 
* 291401400 19610300 25856 100
fi=(132)
-58 100
fe=(99)
+58 100
fi=(132)
-58 500
cob=(3)
cfi=(133)
cfn=(580)
calls=99 -78 
* 86741 14922 648 594 99
cob=(1)
cfi=(66)
cfn=(257)
calls=1 -40 
* 2879 447 92 30 11
* 104 0 0 101 1
fe=(99)
+61 100
fi=(132)
-61 500
cob=(3)
cfi=(133)
cfn=(580)
calls=100 -78 
* 334125 64365 2752 2400 102
* 100 0 0 100 1
* 200
fe=(99)
621 200
166 100
621 700 100
+2 230400 25600 1
+4 256000
-4 51200 25600 2
+4 65280000
-4 13056000 6528000 25708
-2 102400 25600 102
fi=(132)
104 600
cob=(3)
cfi=(133)
cfn=(580)
calls=100 -78 
* 443544 78049 3266 2400
* 100 0 0 100
fe=(99)
+55 300 100 3
+11 3
cob=(3)
cfi=(51)
cfn=(568)
calls=1 29 
* 5 1
* 1 0 0 1 1
+1 1
+1 1
-1 1
+1 1
-1 5
+1 1
cob=(1)
cfi=(66)
cfn=(257)
calls=1 64 
* 1098 142 14 7 2
* 5 0 0 2 1
+1 1
+1 1
+2 1
-3 1
+1 1
fi=(132)
-70 1
fe=(99)
+69 1
+2 1
fi=(132)
-71 1
fe=(99)
+70 2
-1 1
+2 1
-1 1
+1 1
+1 1
-1 1
fi=(132)
-71 1
fe=(99)
+72 1
-2 2
+2 4
fi=(132)
-72 1
cob=(3)
cfi=(133)
cfn=(580)
calls=1 -78 
* 389 62 15 3
* 1 0 0 1
* 1
fe=(99)
614 21
cfn=(572)
calls=1 377 
* 2914014 196103 263 1
fi=(132)
104 15
cob=(3)
cfi=(133)
cfn=(580)
calls=1 -78 
* 3286 643 41 24
* 1 0 0 1
* 7
cob=(3)
cfi=(133)
cfn=(580)
calls=1 -78 
* 2163 385 65 15 2
* 1 0 0 1
* 6
cob=(3)
cfi=(133)
cfn=(580)
calls=1 -78 
* 2248 411 53 15
* 1 0 0 1
* 6
cob=(3)
cfi=(133)
cfn=(580)
calls=1 -78 
* 2434 456 53 15
* 1 0 0 1
fe=(99)
+80 10
cfn=(632)
calls=1 636 
* 786344798 130145209 2264362 2151096 291077
+1 7
cfn=(644)
calls=1 590 
* 1376 181 23 14 5
+3 12 1

fn=(570)
239 900
cob=(3)
cfi=(100)
cfn=(410)
calls=100 32 
* 3200 200 2
* 100 0 0 100
* 200
+2 100
-2 100
+2 1100 100
+2 300 100
-2 25500
+2 178900 25500
+15 665600
-10 25600
+6 51200
-6 25600
+6 25600
-6 128000
+7 179200
+2 25600
-1 25600
+1 51200
-1 25600
+1 51200
+1 76800
+1 25600
+3 51200
-14 6528000
+6 13056000
-6 6528000
+6 6528000
-6 32640000
+7 45696000
+2 6528000
-1 6528000
+1 13056000
-1 6528000
+1 13056000
+1 19584000
+1 6528000
+3 13056000
-3 26112000
+1 6528000
+1 13056000
-1 19584000
+1 6528000
-1 13056000
+1 13056000
+1 13056000
-19 6528000
+19 6528000
-19 6528000 6528000 25634
+16 102400
+1 25600
+1 51200
-1 76800
+1 25600
-1 51200
+1 51200
+1 51200
-19 25600
+19 25600
-19 76800 25600 4
-2 76800 25600 102
+26 900

totals: 1547255611 177062776 2390861 2165101 291481
