version: 1
creator: callgrind-3.11.0
pid: 9026
cmd:  ./d2q9-bgk.exe input_128x128.params obstacles_128x128.dat
part: 1


desc: I1 cache: 
desc: D1 cache: 
desc: LL cache: 

desc: Timerange: Basic block 0 - 4268664613
desc: Trigger: Program termination

positions: line
events: Ir Bc Bcm Bi Bim
summary: 146549316700 2348578205 6014853 702398 112966


ob=(4) /lib/x86_64-linux-gnu/libm-2.23.so
fl=(63) /build/glibc-GKVZIf/glibc-2.23/math/../sysdeps/x86_64/fpu/multiarch/s_floor.S
fn=(220) floor
25 1
+1 1
+1 1
+1 1 1 1
+2 1

fl=(61) /build/glibc-GKVZIf/glibc-2.23/math/../sysdeps/x86_64/fpu/multiarch/e_asin.c
fn=(216) __acos_finite
10 5 1 1

fn=(222) __asin_finite
16 5 1

fl=(57) /build/glibc-GKVZIf/glibc-2.23/math/../sysdeps/x86_64/fpu/multiarch/s_ceil.S
fn=(208) ceil
25 1
+1 1
+1 1
+1 1 1 1
+2 1

fl=(60) /build/glibc-GKVZIf/glibc-2.23/math/../sysdeps/x86_64/fpu/multiarch/s_rintf.S
fn=(214) rintf
25 1
+1 1
+1 1
+1 1 1 1
+2 1

fl=(55) /build/glibc-GKVZIf/glibc-2.23/math/../sysdeps/x86_64/fpu/multiarch/s_rint.S
fn=(204) rint
25 1
+1 1
+1 1
+1 1 1 1
+2 1

fl=(53) /build/glibc-GKVZIf/glibc-2.23/math/../sysdeps/x86_64/fpu/multiarch/e_exp.c
fn=(200) __exp_finite
9 8 2 1

fl=(59) ???
fn=(226) sin
0 8 2 1

fn=(652) 0x0000000000005600
0 9 1 1

fn=(280) 0x00000000000056d0
0 17 2 1

fn=(642) 0x0000000000005690
0 8 2 1
cob=(2) ???
cfi=(16) ???
cfn=(648) 0x0000000004c2f5f8
calls=1 0 
0 63 10 2 1 1
0 1
cfn=(652)
calls=1 0 
0 9 1 1
0 3

fn=(212) __log_finite
0 8 2 1

fn=(224) __atan2_finite
0 8 2 1

fl=(62) /build/glibc-GKVZIf/glibc-2.23/math/../sysdeps/x86_64/fpu/multiarch/s_floorf.S
fn=(218) floorf
25 1
+1 1
+1 1
+1 1 1 1
+2 1

fl=(56) /build/glibc-GKVZIf/glibc-2.23/math/../sysdeps/x86_64/fpu/multiarch/s_ceilf.S
fn=(206) ceilf
25 1
+1 1
+1 1
+1 1 1 1
+2 1

fl=(58) /build/glibc-GKVZIf/glibc-2.23/math/../sysdeps/x86_64/fpu/multiarch/e_pow.c
fn=(210) __pow_finite
8 5 1

fl=(54) /build/glibc-GKVZIf/glibc-2.23/math/../sysdeps/x86_64/fpu/multiarch/s_sin.c
fn=(202) cos
12 8 2 1

ob=(3) /lib/x86_64-linux-gnu/libc-2.23.so
fl=(80) /build/glibc-GKVZIf/glibc-2.23/setjmp/../sysdeps/x86_64/bsd-_setjmp.S
fn=(324) _setjmp
30 1
+2 1
cfi=(81) /build/glibc-GKVZIf/glibc-2.23/setjmp/../sysdeps/x86_64/setjmp.S
cfn=(326) __sigsetjmp
calls=1 -6 
* 28 1 1

fl=(123) /build/glibc-GKVZIf/glibc-2.23/resource/../sysdeps/unix/syscall-template.S
fn=(524) getrusage
84 4 1
+1 1

fl=(96) /build/glibc-GKVZIf/glibc-2.23/io/../sysdeps/unix/syscall-template.S
fn=(424) read
84 12 6
cfn=(426) __read_nocancel
calls=6 * 
* 30 6

fn=(548) __write_nocancel
84 2995 599

fn=(388) open
84 8 4
cfn=(390) __open_nocancel
calls=4 * 
* 20 4

fn=(426)
84 30 6

fn=(390)
84 20 4

fn=(546) write
84 1198 599
cfn=(548)
calls=599 * 
* 2995 599

fl=(100) /build/glibc-GKVZIf/glibc-2.23/libio/filedoalloc.c
fn=(412) _IO_file_doallocate
95 25
+15 30 5 2 5 1
cfi=(95) /build/glibc-GKVZIf/glibc-2.23/libio/fileops.c
cfn=(414) _IO_file_stat
calls=5 1229 
* 70 10
* 10 5
+2 20 5 1
+11 15 5 3
+4 10
cob=(2)
cfi=(16)
cfn=(342) 0x0000000004f528a0
calls=5 0 
* 909 131 40 5
* 5
+2 5
-1 10 5
+2 20
cfi=(94) /build/glibc-GKVZIf/glibc-2.23/libio/genops.c
cfn=(418) _IO_setb
calls=5 380 
* 90 5 2
+1 5
+1 25
-15 1
-2 9 1
+5 2

fl=(141) /build/glibc-GKVZIf/glibc-2.23/stdlib/exit.c
fn=(600) exit
104 1
-1 1
+1 2
cfn=(602) __run_exit_handlers
calls=1 -69 
* 1163 222 88 14 14

fn=(602)
35 8
+5 1
cfi=(142) /build/glibc-GKVZIf/glibc-2.23/stdlib/cxa_thread_atexit_impl.c
cfn=(604) __call_tls_dtors
calls=1 145 
* 11 1 1
* 1
+6 8 1
+4 6 2 1
+3 1
-1 1
+2 5 2 1
+33 1
+1 1
-1 1
+1 1 1
+6 2 1
+1 5 1 0 1 1
cfi=(94)
cfn=(660) _IO_cleanup
calls=1 948 
* 248 50 25 2 2
* 3 1
+2 2
cfi=(146) /build/glibc-GKVZIf/glibc-2.23/posix/../sysdeps/unix/sysv/linux/_exit.c
cfn=(670) _Exit
calls=1 -70 
* 5
-19 1
+4 1
-4 1
+2 1
+2 1
-2 2
+2 1 0 0 1 1
cob=(1) /lib/x86_64-linux-gnu/ld-2.23.so
cfi=(143) /build/glibc-GKVZIf/glibc-2.23/elf/dl-fini.c
cfn=(606) _dl_fini
calls=1 +48 
* 843 162 60 10 10
+1 1

fl=(81)
fn=(326)
26 1
+9 1
+1 2
+1 1
+4 1
+1 1
+1 1
+1 1
+1 1
+2 2
+2 1
+1 1
+1 1
+2 2
+2 1
+9 1
cfi=(82) /build/glibc-GKVZIf/glibc-2.23/setjmp/sigjmp.c
cfn=(328) __sigjmp_save
calls=1 -36 
* 9 1 1

fl=(136) /build/glibc-GKVZIf/glibc-2.23/stdlib/../sysdeps/x86_64/rshift.S
fn=(574) __mpn_rshift
29 141323
+1 141323
+1 141323 141323 10
+13 141323
+1 141323 141323 8
+16 141323 141323 35
+1 141288
+1 141288
+1 141288
+1 141288
+1 141288
+1 141288 141288 6
+5 141288
+1 141288
+1 141288
+1 141288
+1 141288
+4 35
+1 35
+1 35
+1 35
+1 35
+1 35
+1 35
+1 35 35 2
+20 35
+1 35
+1 35
+1 35
+1 35
+1 35
+1 35

fl=(142)
fn=(604)
145 3
+1 4 1 1
+18 4

fl=(51) /build/glibc-GKVZIf/glibc-2.23/time/../sysdeps/unix/sysv/linux/x86/gettimeofday.c
fn=(192) gettimeofday
37 2
-1 2
+1 12
fi=(47) /build/glibc-GKVZIf/glibc-2.23/time/../sysdeps/generic/dl-hash.h
+11 6
+14 8
-17 6 2 2
+3 18
+14 24
-17 18 6 4
fe=(51)
-8 6 2
+3 4
-3 2
+3 2
cfi=(48) /build/glibc-GKVZIf/glibc-2.23/elf/../sysdeps/unix/sysv/linux/dl-vdso.c
cfn=(182) _dl_vdso_vsym
calls=2 -13 
* 12 2 1
+1 6
+1 4

fn=(512) __gettimeofday_syscall
29 8 2
+1 2

fl=(48)
fn=(182)
27 10
+4 10 5 4
-3 10

fl=(107) /build/glibc-GKVZIf/glibc-2.23/stdlib/strtod_l.c
fn=(446) str_to_mpn.isra.0
338 28
+14 4
-1 4
-13 8
+14 32 4
+34 20 5 3
+3 4 2 2
+7 6
+3 2
+1 2
+2 2
-3 2
+3 2 2 1
-6 3
+3 3
+1 3
+2 3
-3 3
+3 3 3 3
-47 2 1 1
+49 16 4 4
+9 4
-2 8
+2 4
-2 4
+2 4 4
+2 4
+1 4
+15 36

fn=(450) round_and_return
197 30
fi=(111) /build/glibc-GKVZIf/glibc-2.23/stdlib/../sysdeps/generic/get-rounding-mode.h
94 3
+1 15 6 3
fe=(107)
200 6 3 3
+94 6 3 2
+35 21
fi=(111)
104 3
-9 6 3 3
fe=(107)
301 9 3 3
-4 3
fi=(112) /build/glibc-GKVZIf/glibc-2.23/stdlib/../include/rounding-mode.h
46 12 6 2
fe=(107)
328 9
cfi=(114) /build/glibc-GKVZIf/glibc-2.23/stdlib/../sysdeps/ieee754/dbl-64/mpn2dbl.c
cfn=(458) __mpn_construct_double
calls=3 39 
* 42
* 33
fi=(112)
46 6 3
+6 6 3
fe=(107)
297 6 3
fi=(113) /build/glibc-GKVZIf/glibc-2.23/stdlib/../stdlib/gmp.h
447 3
fe=(107)
306 6
fi=(113)
448 3
fe=(107)
306 3 3
+10 6 3 2

fn=(440) ____strtod_l_internal
481 21
+55 3
-55 9
+53 3
+2 3 3 2
+18 3
-1 3
+15 6
+1 6
cfi=(108) /build/glibc-GKVZIf/glibc-2.23/string/../sysdeps/x86_64/strlen.S
cfn=(442) strlen
calls=3 66 
* 48 6 2
+1 3
-1 3
+1 6 3
+10 3
-6 3
+6 9
+3 6
+1 3
-1 3
+1 3 3
+3 6 3
+5 3
-17 3
+17 3 3
+13 9 3
+1 6 3 2
+56 12 3 3
+19 2 1 1
-67 9 3 2
1743 24
487 4
683 4
-1 4 2
+1 4
+23 9 3 1
-1 4
+2 6 2 2
+41 9 3 1
+1 6 3
+12 6 3 3
+13 2
-26 4 1 1
+4 3
+25 6 3 1
+42 12
+9 6 3
+1 12 3
-1 9 3
+7 9
+1 9 3 3
+11 6 3
+6 3
+1 3
-1 6
+1 3 3 3
725 9
855 15 6
986 6 3
+2 6 3 2
+5 6 3
+3 6 3 2
+20 6
+2 6 3 2
-3 6 3 2
+6 9 3 2
+9 2 1
+2 2 1 1
+10 4 2
+3 5 1
+4 1
-8 1
+8 1
+1 1
-1 1
-8 2
+13 6 3
+92 3
+2 14 3 1
+1 2
+1 2
+3 4
-3 2
+3 4 2 2
-4 1
+1 1
+3 2
-3 1
+3 2 1
662 6 2
+19 2
487 2
681 4 2
+31 4 2
+1 8 2
-1 6 2
+8 4 2 2
1165 6 3
576 3
1168 6 3 1
1330 18 6
+9 6 3 2
+3 4 2
+1 3
+29 4
+1 1
-1 9 1
+1 2
-1 2 2
+1 9
+2 12 3 3
+8 3
-56 3
+1 3
+55 3
+3 3
+17 3
-20 6
+20 3
-20 3
-57 3
+77 9
-16 3
+16 3
-77 3
+77 12
-6 3
+1 18
cfi=(109) /build/glibc-GKVZIf/glibc-2.23/string/../sysdeps/x86_64/multiarch/../memcpy.S
cfn=(444) __GI_memcpy
calls=3 61 
* 54 18 9
+15 5
+1 5
+2 10 5 3
-26 10 5 1
+3 4
+2 4
+2 4
-2 4 4 3
+8 8
cfi=(115) /build/glibc-GKVZIf/glibc-2.23/stdlib/mul.c
cfn=(460) __mpn_mul
calls=1 48 
* 56 8 2
+4 1
+1 1
-1 1
+1 1 1 1
+1 2
+1 1
-1 2
1148 5
-10 18
1418 6 3 1
+4 27
cfn=(446)
calls=3 338 
* 170 20 11
+17 9
+2 6
-2 3
+2 6 3
+4 15
cfi=(110) /build/glibc-GKVZIf/glibc-2.23/stdlib/../sysdeps/x86_64/lshift.S
cfn=(448) __mpn_lshift
calls=3 29 
* 45 9 5
+1 15
cfi=(110)
cfn=(448)
calls=3 29 
* 45 9 4
+1 6 3 1
+11 3
+2 3
-2 3
+2 3 3 2
186 6
681 2
487 11
841 36 6 2
+3 8
-7 16 4 2
+7 4
-7 26 5 1
1348 8 4 1
+6 18
+10 2
-10 2
+10 2
-10 2
+10 6
+5 5 2 2
1171 10
cfn=(446)
calls=1 338 
* 50 5 3
* 1
+6 7 1
+44 1
+1 2
-1 2
+1 1
+4 1
-4 1
+4 1 1
+6 2 1 1
1469 3
-2 3
+1 3
+1 12 6
+4 3
+38 3
-38 9
+38 3
-38 6
+38 43 7 1
+4 24
cfn=(450)
calls=2 197 
* 158 26 13
* 12
cfn=(450)
calls=1 197 
* 79 13 5
* 3
-4 2 1 1
+2 2
-2 10 1
cfi=(110)
cfn=(448)
calls=1 29 
* 15 3 2
* 6
-92 4
cfi=(109)
cfn=(444)
calls=1 61 
* 18 6 4
* 1
1264 2 1 1
+39 6
cfi=(109)
cfn=(444)
calls=1 61 
* 18 6 5
* 2

fl=(140) /build/glibc-GKVZIf/glibc-2.23/misc/../sysdeps/unix/syscall-template.S
fn=(598) munmap
84 12 3
+1 3

fl=(52) ???
fn=(196) memcpy@GLIBC_2.2.5
0 18 3

fl=(82)
fn=(328)
28 1
+1 1
-1 2
+1 2 1 1
+5 3

fl=(87) /build/glibc-GKVZIf/glibc-2.23/malloc/arena.c
fn=(350) ptmalloc_init.part.7
383 6
+13 1
-8 1
+8 1 1 1
+6 2
+1 2
-1 1
+1 10
cfi=(90) /build/glibc-GKVZIf/glibc-2.23/nptl/register-atfork.c
cfn=(362) __linkin_atfork
calls=1 115 
* 9 2 1
+2 5 1
+16 2
-57 51
-18 156 52 1
+2 102 51 8
+1 2 1
+1 2 1 1
466 2 1 1
+6 2
+1 2 1 1
+2 1
+1 7
-79 5
cfi=(88) /build/glibc-GKVZIf/glibc-2.23/elf/dl-addr.c
cfn=(352) _dl_addr
calls=1 126 
* 57830 13092 2028 9 7
* 2 1
+1 4 1

fl=(79) /build/glibc-GKVZIf/glibc-2.23/stdlib/cxa_atexit.c
fn=(306) __cxa_atexit
57 5
-22 1
+22 1
-22 1
cfn=(308) __new_exitfn
calls=1 +38 
* 38 7 6
+2 2 1
+4 1
+3 1
+1 1
-4 2
+2 1
+4 1
+1 1
+11 4

fn=(308)
73 2
+6 1
-6 1
+6 1
-6 1
+6 4 2 2
+2 6 1
+2 3 1 1
-2 1
+10 2
-10 2 1 1
+45 1
+1 1
+3 4 2 2
+3 5
-21 1
+1 2

fl=(110)
fn=(448)
29 105741
+1 105741
+2 105741
+1 105741
+1 105741 105741 14
+12 105741
+1 105741 105741 28
+1 105547
+1 105547
+1 105547
+1 105547
+1 105547 105547 8
+6 105547
+1 105547
+1 105547
+3 194 194 26
+1 171
+1 171
+1 171
+1 171
+1 171
+1 171 171 4
+5 171
+1 171
+1 171
+1 171
+1 171
+4 23
+1 23
+1 23
+1 23
+1 23
+1 23
+1 23
+1 23 23 2
+20 23
+1 23
+1 23
+1 23
+1 23
+1 23
+1 23

fl=(131) /build/glibc-GKVZIf/glibc-2.23/stdio-common/printf_fp.c
fn=(566) hack_digit
169 633249
+3 1049299 419108 897
+2 844332 211083 35
+8 24 8 8
+21 24
cfi=(116) /build/glibc-GKVZIf/glibc-2.23/stdlib/../sysdeps/x86_64/mul_1.S
cfn=(462) __mpn_mul_1
calls=8 32 
* 160 32
+1 16 8 5
+1 25
+4 40
-23 48
cfi=(137) /build/glibc-GKVZIf/glibc-2.23/stdlib/divrem.c
cfn=(576) __mpn_divrem
calls=8 46 
* 302 38 12
+2 32
+3 8
-2 8
+3 8
-1 8
+1 48 16
-16 422150
+1 211075
-1 211075
+1 422150
-1 211075
+1 211075
cfi=(116)
cfn=(462)
calls=211075 32 
* 4225926 844004 413
* 211075
+32 1266450
-37 6 1 1
+37 16

fn=(560) __printf_fp
215 1055400
+39 105540
-9 105540
+16 105540
-7 316620
+10 105540
-10 211080
+10 105540 105540
+2 633240
+1 211080
+17 316620 105540
+32 105540
-2 211080
+16 105540
+2 105540
-2 105540 105540 2
+46 105540
+3 211080 105540
+14 422160 105540
+16 844320
cfi=(132) /build/glibc-GKVZIf/glibc-2.23/stdlib/../sysdeps/ieee754/dbl-64/dbl2mpn.c
cfn=(562) __mpn_extract_double
calls=105540 37 
* 2110800 107064 894
+4 105540
-4 105540
+4 211080
+36 105540
+12 105540
-9 949860
+1 527700
+1 211080
+1 211080
-2 105540
+1 105540
-1 105540
+2 105540
+7 105540
-8 105540
+1 105540
+7 105540 105540 3
636 211074 105537 2
804 6096
cfi=(110)
cfn=(448)
calls=1524 29 
* 22860 4572 8
+1 7620
+1 1524
+14 3048
-10 1524
+10 1524
-10 1524
+10 3048
+2 1524
-2 1524
+2 1524 1524 2
-2 208032
-10 104016
+10 104016
-10 104016
+10 208032
+2 104016
-2 104016
+2 104016 104016 16
+10 6 3 2
+48 105540
-61 105540
+61 211080 105540 17
+14 738780 211080 1
+7 105540
fi=(147) /build/glibc-GKVZIf/glibc-2.23/stdio-common/../sysdeps/pthread/allocalim.h
29 211080 105540
fe=(131)
911 738780
+4 105540
-3 211080
+3 419106 209553 890
+3 422156 105539
-6 844312
+9 316617
cfn=(566)
calls=105539 169 
* 4959612 737116 211
* 12
cfn=(566)
calls=4 169 
* 422 58 19
-3 105543
+3 105543
-3 633238 105543 5
+7 527695 211078
+2 211078
-4 105539
+4 211078
+12 316617
+1 738773
+1 422156 105539 1
-14 1
+12 3
+1 7
+1 5065852 1266463 105551
+1 211080 105540 8
172 1266462
944 1266462
172 5029224 2514612 2932
+2 3799383 1266461 41
+8 36 12 4
+21 36
cfi=(116)
cfn=(462)
calls=12 32 
* 240 48
+1 24 12 1
+1 55
945 11
+1 11
+2 22 11 2
-3 1266451
+1 1266451
+2 2532902 1266451 12
1246 949860
471 9 3 2
+16 6 3 2
248 27
522 3
-1 3
+1 9
-1 3
+1 6
cfi=(109)
cfn=(444)
calls=3 61 
* 69 21 7
* 3
+16 18 10 4
+11 3
-2 3
+2 42 3 3
-2 36
+2 108 36
-57 36
+4 180 36 11
-4 3
+4 15 3 1
+2 10 5 2
+30 16
cfi=(115)
cfn=(460)
calls=2 48 
* 136 14 3
+4 4
+2 4 2
433 2532924
186 72
cfi=(137)
cfn=(576)
calls=12 46 
* 471 59 5
+2 48
+3 12
-2 12
+3 12
-1 12
+1 72 24
-16 2532898
+1 1266449
-1 1266449
+1 2532898
-1 1266449
+1 1266449
cfi=(116)
cfn=(462)
calls=1266449 32 
* 25355536 5064020 836
* 6332245
942 316620
+15 527700 105540
+1 316620
cfn=(566)
calls=105540 169 
* 4959670 737124 1141
+2 410032 105540 11648
+1 93412
-1 93412 93412 11530
fi=(134) /build/glibc-GKVZIf/glibc-2.23/stdio-common/../sysdeps/generic/get-rounding-mode.h
94 105540
+1 527700 211080 12
fe=(131)
1076 422160 105540 2
+7 211080 105540 6
+3 211080 105540 8
+13 316620 105540 3
+2 628647 209549 893
+20 104012
-1 104012
+1 104012
+4 104012
-4 104012
+4 105537 104012 4
-4 1525
+4 1525 1525 1
+14 316611
+6 600494 194707 21102
+1 16373
+1 98238
+2 16373
-2 16373
+2 16373 16373
-2 535002
+2 89167
-2 89167
+2 405787 194707 8
+94 48
172 47 6 2
538 15
cfi=(133) /build/glibc-GKVZIf/glibc-2.23/stdlib/cmp.c
cfn=(564) __mpn_cmp
calls=5 35 
* 55 10 3
* 17 5 3
+3 10
cfi=(109)
cfn=(444)
calls=2 61 
* 46 14 8
+1 6
+1 6
+1 2
-2 2
+1 2
+1 4
-1 2
+1 4
-9 6
+15 3
+6 3
-6 3
+6 3 3 1
+4 14 4 2
+35 12 4
+16 2
+2 2
-2 4
+2 2
-2 4
cfi=(136)
cfn=(574)
calls=2 29 
* 34 8 6
+16 6
-1 2
+1 8
cfi=(136)
cfn=(574)
calls=2 29 
* 34 8 6
+4 14
-1 4
962 67566 22522
+3 22522
-4 22522
+4 22522 22522 10829
+5 22522
-1 22522
+1 129686 53888 3325
248 105540
1152 211080 105540 4
+1 65492 16373 2
+4 16373
+2 422160 211080 4
+9 316620 105540
+6 527700 105540 6
+4 211080
cfi=(108)
cfn=(442)
calls=105540 66 
* 1688640 211080
* 105540
+2 316620 105540 4
+5 211080
+2 105540
-2 211080
+2 105540
-2 105540
+2 105540 105540 4
+18 1372020 105540
+3 3588308 1794154
+3 3588308
-6 5699082 1899694 105546
+1 5699082 1899694 13
+1 422160
cfi=(129) /build/glibc-GKVZIf/glibc-2.23/string/../sysdeps/x86_64/memcpy.S
cfn=(556) __GI_mempcpy
calls=105540 61 
* 1899720 633240 6
* 105540
824 105537
+2 633222 105537
+9 105537
+2 105537
-1 105537
+10 105537
-11 211075
+2 1
-1 1
+10 1
-11 2
fi=(134)
95 211080 105540
fi=(135) /build/glibc-GKVZIf/glibc-2.23/stdio-common/../include/rounding-mode.h
-43 473328 182639 77244
fe=(131)
1154 267501 89167 2
-34 1525
+1 6100
+9 316611
835 3
-1 3
+1 12 3
+3 9 3 1
+2 2
-3 2
-1 2
+4 2
+2 4
-7 2
+5 2
-5 4
982 154545 51515
+5 309090 51515 5
+2 5758
-2 11516
+3 5758
-3 126062 63031 6746
+5 154545 51515 10
+4 103030
+11 206060 51515
592 6
479 45
cfi=(110)
cfn=(448)
calls=3 29 
* 45 9 2
+4 27
+1 3
-1 3
+1 3 3
+1 15
644 416052
cfi=(110)
cfn=(448)
calls=104013 29 
* 1560195 312039 2
+1 104013
+4 104013
-8 104013
+28 104013
-30 104013
+30 104013
-24 104013
+4 104013
-4 312039
+52 104013
-57 104013
+8 104013
+1 104013
+20 104013
+28 208026
-43 104013
+2 208026 104013 1
-2 1138382
+2 2276764 1138382 104522
+7 215662
+1 215662
-1 323493 107831 4
+9 323493
+1 215662 107831
+3 215662
+1 215662
+8 107831
-8 107831
-1 107831
+1 107831
-1 107831
+1 107831
-1 107831
+1 107831
-1 107831
+1 215662
+8 323493 107831 3125
+22 314499 104833 1127
+9 209180
-1 104590
+1 209180
+5 313770
-6 104590
+6 104590
+3 313770 104590 4
+34 208854
cfi=(136)
cfn=(574)
calls=104427 29 
* 1775259 417708 8
+3 522135
+7 4784566 2386530 7255
+24 312039
669 539155
cfi=(115)
cfn=(460)
calls=107831 48 
* 7332508 754817 641
* 107831
+5 323493
+13 5996 2998
+4 5996
-2 2998
+2 5996
+16 2998
-16 2998
+16 5996 2998
+1 5996 2998 815
+2 2114 2114 8
+1 18 6 2
933 1
+2 1
-1 1
814 1
933 1
+2 3
1235 316620 105540
+7 211080 105540 10
965 738780
1215 211080 105540
+17 527700 105540 2
-76 178334 89167 2
+1 9 3
-4 114599 16373 3
847 3
-77 393040 98260 14263
+4 184615
cfi=(116)
cfn=(462)
calls=36923 32 
* 1181942 110827 79
+1 36923
+3 73846
+1 36923
-4 36923
+3 36923
+1 147692 36923 34
+2 155
cfi=(110)
cfn=(448)
calls=31 29 
* 681 124 48
+2 62 31
+1 155
+4 31
+1 31
-1 36954
+1 36892
-1 78056
1232 21635414 3904928 106027
cfi=(94)
cfn=(572) __overflow
calls=522 230 
* 71290 11838 16 998 1
* 1044 522 48
-34 633240
748 313281
-23 209180 104590
+10 104590
-3 209180
+3 313770 104590 167
+6 489
cfi=(110)
cfn=(448)
calls=163 29 
* 3097 652 11
+2 163
+1 326
-1 326
+1 326
1157 422160
-4 9
cfi=(94)
cfn=(572)
calls=3 230 
* 438 72 8 6
* 9
787 73784
cfi=(136)
cfn=(574)
calls=36892 29 
* 627304 147568 41
* 36892
564 4
+2 2
-2 2
+2 105552 2
1181 211080

fl=(84) /build/glibc-GKVZIf/glibc-2.23/libio/iofopen.c
fn=(394) __fopen_maybe_mmap
41 4
-2 4
+2 4 4 2
+15 4

fn=(340) __fopen_internal
61 24
+8 4
-8 8
+8 4
cob=(2)
cfi=(16)
cfn=(342)
calls=4 -69 
* 59859 13483 2100 16 11
+2 12 4 1
+3 4
+3 16
-3 4
+3 8
cfi=(94)
cfn=(376) _IO_no_init
calls=4 599 
* 232 8 1
+4 4
+1 4
-1 4
+1 4
cfi=(95)
cfn=(380) _IO_file_init@@GLIBC_2.2.5
calls=4 +62 
* 376 68 20
+4 20
cfi=(95)
cfn=(384) _IO_file_fopen@@GLIBC_2.2.5
calls=4 249 
* 486 70 12
* 4
+1 4
-1 4 4
+6 20
-5 4
cfn=(394)
calls=4 -46 
* 16 4 2

fn=(338) fopen@@GLIBC_2.2.5
97 8
cfn=(340)
calls=4 -36 
* 61125 13641 2136 16 11

fl=(78) /build/glibc-GKVZIf/glibc-2.23/csu/../csu/libc-start.c
fn=(304) (below main)
134 7
+4 1
-4 3
+4 3 1 1
+82 1
-82 1
+82 1 1
+1 4
cfi=(79)
cfn=(306)
calls=1 57 
* 60 8 6
+22 4 1
+3 2 1
+1 5 0 0 1 1
cob=(6) /home/samc/Repos/D2Q9-BGk/d2q9-bgk.exe
cfi=(75) ???
cfn=(310) __libc_csu_init
calls=1 0 
* 56 5 2 1 1
+4 4 1
+15 2 1
+12 2
cfi=(80)
cfn=(324)
calls=1 30 
* 30 1 1
+1 2 1
+5 2
+1 2
+3 2
+3 6 0 0 1 1
cob=(6)
cfi=(83) /home/samc/Repos/D2Q9-BGk/d2q9-bgk.c
cfn=(330) main
calls=1 122 
* 146549196798 2348557928 6012474 702020 112849
+34 2
cfi=(141)
cfn=(600)
calls=1 104 
* 1167 222 88 14 14
138 2

fl=(94)
fn=(376)
599 36
+1 4
cfn=(378) _IO_old_init
calls=4 -14 
* 100 4
+3 4
-2 4
+2 4 4 1
+2 4
+1 4
+1 4
+1 4
+1 4
+1 4
+1 4
+1 4
+1 4
+1 4
+1 4
+1 4
+2 4
+7 4
+1 24

fn=(406) _IO_default_uflow
413 6
-1 12
+1 6 0 0 6 1
cfi=(95)
cfn=(408) _IO_file_underflow@@GLIBC_2.2.5
calls=6 539 
* 974 148 55 12 3
+1 12 6 2
+2 12
+1 12

fn=(470) _IO_un_link
60 16 8 4
-1 16
+5 24 4
+1 40 12 6
+2 4
-2 4
+1 4
+1 4
-2 4
+2 4
-2 4
+2 52 16 9
+2 4
-2 12
+2 8 4
+2 8 4 2
+13 4
+2 4
-2 4
+2 32 8 4
+2 4
-1 4
+1 32 12 4
+1 8 4
+3 20
-6 28 8 4
-13 4
+1 4
-1 8

fn=(474) _IO_unsave_markers
1049 4
-2 4
+2 4 4 4
+19 12 4 4
+2 4

fn=(542) _IO_default_xsputn
425 232 116
-3 1160
+8 500 125 4
+2 345
+3 230 115
+10 345 115
+5 345
-1 230 115 66
+1 327
-1 218 109 40
+2 345
+2 115
+2 295 125 9 9 1
cfi=(95)
cfn=(538) _IO_file_overflow@@GLIBC_2.2.5
calls=9 808 
* 398 87 9 1 1
* 18 9
+2 9
-2 18
+4 116
+1 116
-1 116
+1 580

fn=(404) __uflow
348 6
+2 18 6 5
+6 36 6
+3 12 6
+2 12 6
+6 12 6 2
+7 12
+1 6
-1 12 0 0 6 1
cfn=(406)
calls=6 +39 
* 1034 154 57 18 4
-24 12 6 5
+22 18 6 2

fn=(410) _IO_doallocbuf
395 10 5 5
-1 15
+3 20 5 4
+1 15 0 0 5 1
cfi=(100)
cfn=(412)
calls=5 95 
* 1261 172 48 10 1
* 10 5
+3 20

fn=(418)
380 27
+1 44 13 4
+3 9
+2 36
-3 9
+3 18
+3 39
-7 4
cob=(2)
cfi=(16)
cfn=(478) 0x0000000004f528a8
calls=4 0 
* 549 122 19 4 1
* 20

fn=(660)
948 2
+3 1
-3 2
-50 1
+50 1
+3 1
cfn=(662) _IO_flush_all_lockp
calls=1 760 
* 90 22 14
-63 1
+63 1
-63 2 1
+10 3
+8 5 2
+2 2
+2 1
+1 1
-1 1
+2 2
+3 5 0 0 1 1
cfi=(95)
cfn=(664) _IO_file_setbuf@@GLIBC_2.2.5
calls=1 450 
* 66 7 3 1 1
+2 3 1 1
+4 2 1 1
+7 3
-40 9 3 1
+2 6 3 1
+2 7 2 1
+6 12 4 2
+65 7
-42 3 1
+1 8 3 1

fn=(666) _IO_default_setbuf
522 4
+1 1
-1 2
+1 1 0 0 1 1
cfi=(95)
cfn=(668) _IO_file_sync@@GLIBC_2.2.5
calls=1 868 
* 13 2 1
* 2 1
+9 1
-7 1
+7 1
-7 1 1 1
388 1
-5 1
+1 1
+4 1
535 1
+2 1
-2 2
+1 3
+2 4
381 1
527 1
+1 1
-1 1
+1 1
381 4 2 1

fn=(420) _IO_switch_to_get_mode
176 12
-1 12
+1 6 6
+3 18 6 1
+5 6
-1 12
+1 6 6 4
+7 6
-4 6
+2 12
+2 6
+1 6
+1 12

fn=(428) _IO_sputbackc
673 3603
+3 3603
-3 3603
+3 7206 3603
+1 14412 3603 12
+9 3603
+3 7206
-10 10809

fn=(490) _IO_default_finish
639 16
+2 12 4 2
+6 12 4 2
+3 12 4 2
60 8 4
662 16

fn=(382) _IO_link_in
98 24 8 2
-1 8
+3 8
-3 4
+5 4
-2 4
+2 20 4
+1 40 12 5
+2 4
-2 4
+1 4
+1 4
-2 4
+2 4
-2 4
+2 52 16 5
+2 4
-2 4
+4 4
+2 4
-3 4
-1 4
+4 28 8 2
+2 4
-1 4
+1 32 12 4
+1 8 4
+3 20
-6 28 8 4

fn=(572)
230 1575 525 6
+2 1575 0 0 525 1
cfi=(95)
cfn=(538)
calls=525 808 
* 68578 11385 18 479

fn=(662)
760 8
+6 3 1 1
+11 2
+16 2
-17 2
-1 2
+1 3 2 2
-1 1
+1 1 1 1
+3 9 3 3
+10 6 3 3
+4 3
-2 3
+2 6 3
+7 3
-27 6 3 2
+31 2 1
+2 2 1 1
+4 9
-38 1
-6 1
+5 1
+2 2 1 1
+6 12 3

fn=(378)
586 4
-16 4
+1 4
+15 4
+5 4
-21 4
+2 4
+1 4
+1 4
+17 4
-16 4
+1 4
+1 4
+1 4
+1 4
+1 4
+2 4
+1 4
+1 4
+1 4
+6 4 4
+1 16

fl=(144) /build/glibc-GKVZIf/glibc-2.23/stdlib/cxa_finalize.c
fn=(628) __cxa_finalize
31 8
+17 2
-17 8
+4 8 2
+4 12 2
-4 6 2 2
+32 8 2
+4 12 2 2
-4 6 2
+12 4 2
+3 2
-2 2
+2 12
-2 2
cfi=(145) /build/glibc-GKVZIf/glibc-2.23/nptl/unregister-atfork.c
cfn=(630) __unregister_atfork
calls=2 -52 
* 32 6 1

fl=(90)
fn=(362)
115 2
+1 6 2 1
+2 1

fl=(114)
fn=(458)
39 3
-6 9
+7 3
-7 3
+6 6
+1 9
+6 6
+1 3

fl=(122) /build/glibc-GKVZIf/glibc-2.23/string/../sysdeps/x86_64/multiarch/../memset.S
fn=(506) __GI_memset
53 128
+1 128
+1 128
+1 128
+1 128
+2 128
+1 128 128 3
+17 128
+1 128
+1 128
+1 128
+1 128
+1 128
+1 128
+1 128
+1 128
+1 128
+1 128
+1 128
+1 128
+1 256 128
+3 128
+1 128
+1 128
+1 128
+1 128
+1 128
+1 128 128 3
-6 768
+1 768
+1 768
+1 768
+1 768
+1 768
+1 768 768 12
+1 128

fl=(71) /build/glibc-GKVZIf/glibc-2.23/ctype/ctype-info.c
fn=(264) __ctype_init
31 5
+2 1
+2 1
-4 1
+4 1
-4 1
+2 3
+2 3

fl=(97) /build/glibc-GKVZIf/glibc-2.23/string/../string/strstr.c
fn=(392) __GI_strstr
53 28
+10 12 4 2
+2 8 4
+1 4
+23 32
-26 4
-5 8

fl=(88)
fn=(352)
126 9
+5 1
-5 2
+5 2 0 0 1 1
cob=(1)
cfi=(2) /build/glibc-GKVZIf/glibc-2.23/elf/rtld.c
cfn=(50) rtld_lock_default_lock_recursive
calls=1 688 
* 2
+2 2
cob=(1)
cfi=(76) /build/glibc-GKVZIf/glibc-2.23/elf/../sysdeps/x86_64/dl-trampoline.h
cfn=(299) _dl_runtime_resolve_avx'2
calls=1 -69 
* 1351 188 20 5 3
* 5 0 0 2 2
+2 2 1
30 1
+1 1
-1 1
+1 1
+3 2 1
+5 1
+6 1
-7 1
+2 2
+2 1
-2 1
+2 1
+3 1 1
+5 8 1
+2 1
+1 2 1 1
-1 1010
+1 2020 1010 111
+2 3628
+9 2010 670 31
+7 24
-2 24
+2 2259 24 11
-2 2211
+2 5750 2211 1018
-10 11175 2235 22
+2 8940 2235 3
+1 14318 3500 790
+7 1011
-21 2022 1011 19
+49 3 1
+1 1
+1 3 1 1
+3 2 1 1
+37 2 0 0 1 1
cob=(1)
cfi=(2)
cfn=(52) rtld_lock_default_unlock_recursive
calls=1 694 
* 2
+3 9
-28 1
+1 1
+21 2

fl=(125) /build/glibc-GKVZIf/glibc-2.23/stdio-common/vfprintf.c
fn=(532) vfprintf
1236 451112
+31 169167
+8 169170 56389 6
+4 281945 112778
+11 281945 56389
+11 56389
fi=(130) /build/glibc-GKVZIf/glibc-2.23/stdio-common/printf-parse.h
108 169167
fe=(125)
1316 56389
-15 281945
fi=(130)
108 56389
cfi=(126) /build/glibc-GKVZIf/glibc-2.23/string/../sysdeps/x86_64/strchr.S
cfn=(534) strchrnul
calls=56389 -84 
* 1127876 112782 6
fe=(125)
1316 56389
fi=(130)
108 56389
fe=(125)
1312 56389
+4 112778 56389 6
+4 451112 0 0 56389 1
cfi=(95)
cfn=(536) _IO_file_xsputn@@GLIBC_2.2.5
calls=56389 -33 
* 227220 56770 68 14 3
* 225556 56389 7
1685 281945 112778 1
+1 112778 56389 1
+2 56389
+1 451112
1275 112772 56386 2
+41 338334 56389
+1 338334 56389 4
+3 112778 56389 7
+4 56389
-4 56389
+4 112778 56389 3
+4 676656 169164 9
1552 112776
-21 112776
1632 112776
-1 112776
1370 2920380 194692
-7 194692
-1 194692
-3 194692
-1 194692
+8 194692
+4 194692
-3 194692
-10 194692
-1 194692
-1 194692
-1 194692
-1 194692
+14 194692
-15 194692
-1 194692
-1 194692
-1 194692
+18 389384 0 0 194692 112769
1649 194692
+2 389384 194692 14
+8 194692
fi=(130)
108 389384
fe=(125)
1659 194692
fi=(130)
108 194692
fe=(125)
1659 194692
fi=(130)
108 389384
cfi=(126)
cfn=(534)
calls=194692 -84 
* 3893869 389384 17
fe=(125)
1663 194692
-4 194692
+4 2141612 194692 0 194692 1
cfi=(95)
cfn=(536)
calls=194692 1287 
* 12662461 2142666 43016 90 1
* 2530996 389384
+2 445772 194692 16395
-61 48 3 2
-1 3
+1 6 0 0 3 1
+27 5195436 1037558 16156 89152 1
cfi=(95)
cfn=(536)
calls=89152 1287 
* 5960757 982667 62695 152
* 891520 178304
+1 178304
-1 1069824 89152 4
cfi=(139) /build/glibc-GKVZIf/glibc-2.23/stdio-common/_itoa.c
cfn=(588) _itoa_word
calls=89152 168 
* 4196536 364570 21967
* 2861351 518779 3622
-43 316620 0 0 105540 3
+43 6882246 989848 24
cfi=(131)
cfn=(560)
calls=105540 215 
* 193355511 35587810 599915 1004 1
* 2321880 422160 15
1523 316620
+1 316620 105540 1
+26 105540
+14 105540
-14 211080 105540 6
+38 1477560 105540 1
-36 422160
cfi=(130)
cfn=(558) read_int
calls=105540 73 
* 3271683 422151 7
* 105540
+4 422160 105540
+9 527700 211080 4

fl=(145)
fn=(630)
28 8
+8 2
+3 4 2
+1 6 2 1
+5 2
-6 4 2
+82 6

fl=(95)
fn=(422) _IO_file_read
1216 24 6 4
cfi=(96)
cfn=(424)
calls=6 84 
* 42 12

fn=(488) _IO_file_finish@@GLIBC_2.2.5
200 4
+1 4
-1 4
+1 4 4 2
+6 8
+1 4
-1 4
cfi=(94)
cfn=(490)
calls=4 639 
* 76 16 6

fn=(544) _IO_file_write@@GLIBC_2.2.5
1258 599
-2 3594
+2 2396 599
+4 1198
+1 1198 599 4
+10 1797 599 2
+3 3594
-13 2396
cfi=(96)
cfn=(546)
calls=599 84 
* 4193 1198
+1 1198 599
+5 599
+1 599
-12 2995 599

fn=(540) _IO_do_write@@GLIBC_2.2.5
494 1806 602 10
+1 3
-3 4792
+11 1198 599
+7 2396 599 26
+8 2995 0 0 599 1
cfn=(544)
calls=599 1258 
* 26356 4193 6
* 599
+1 2995 1198
+6 599
-4 599
+4 599
-4 1797
+1 1198
+3 1193 599
-2 594
-29 2376
+1 3564
+28 5
-29 20
+1 30
+29 1792 599 4

fn=(664)
450 2
+1 1
cfi=(94)
cfn=(666)
calls=1 +71 
* 51 6 3 1 1
* 2 1
+4 2
-1 2
+2 3
+2 1
+1 2

fn=(536)
1287 340233
-1 680466 340233 2
-6 2838490
+13 1135396 283849 6
+17 1135364 283841 56
+1 283786
+3 1135152 283786 2
+5 1135176
cfi=(129)
cfn=(556)
calls=283794 61 
* 5260434 1702768 105428
* 283794
+6 283794
-1 283794
+1 567588
+2 567588 283794 50
+27 567698
+1 2327176
-24 275 0 0 55 1
cfn=(538)
calls=55 808 
* 7111 1076 56 61
* 110 55
+6 240
+1 360 120 9
+2 360 120
+11 240 120 2
+1 464
cfi=(94)
cfn=(542)
calls=116 425 
* 6058 916 128 10 2
* 232
-57 24
+1 16 8
+3 24 8
+2 265 87 2
-2 174 83 13
+39 480
-35 4
+11 20 4 3
+17 260 0 0 65 1
cfn=(538)
calls=65 808 
* 7662 1170 18 65
* 130 65 4

fn=(384)
249 28
+11 8 4
+2 16 6 4
+9 2
-2 2
+1 2
+17 48 20 1
+41 24
cfn=(386) _IO_file_open
calls=4 214 
* 180 24 3
+3 4
-3 4
+3 4 4
+17 12
cfi=(97)
cfn=(392)
calls=4 53 
* 96 8 2
+1 4
-1 4
+1 4 4 2
-83 2
-1 2
-15 4
425 4
-76 4
+76 28

fn=(538)
808 1962 654
+7 654
-8 3270
+8 3258 1305 3
+35 1308 654 13
+3 1068 534 4
+3 1602
+1 1602 534
+1 1178 589 5
+4 534
+1 2136
-45 6 3 3
+12 6 3
+9 12 3
+8 3
-4 3
+3 6
-2 6
-3 3
+1 6
+5 3
-1 3
+1 9 6 2
+1 2
+12 1
-1 4
cfn=(540)
calls=1 494 
* 94 14 5 1 1
* 2 1 1
-5 3353 958 2
-3 240
+12 360
-12 120
cfn=(540)
calls=120 494 
* 11236 1641 29 117
-31 6
cfi=(94)
cfn=(410)
calls=3 395 
* 817 113 26 9
+1 18
+33 1437
cfn=(540)
calls=479 494 
* 45984 6706 8 479
* 1437

fn=(380)
144 8
+4 4
-4 8
+5 4
-1 4
+3 4
cfi=(94)
cfn=(382)
calls=4 -53 
* 324 68 20
+1 4
+1 16

fn=(386)
214 24
+3 8 4 1
+8 8 4
+3 8
+3 4
-3 4
-1 4
+1 8
+3 4
-3 4
+3 4 4
+10 8
cfi=(94)
cfn=(382)
calls=4 98 
* 16 4 2
+1 4
+1 16
-22 16
cfi=(96)
cfn=(388)
calls=4 84 
* 28 8
* 12

fn=(408)
539 18 6
+6 18 6
-14 24
+17 12 6 4
+13 12 6 4
+20 12
cfi=(94)
cfn=(420)
calls=6 176 
* 120 18 5
+6 6
+5 24
-5 12
+1 6
+2 6
-1 12
+3 6 0 0 6 1
cfn=(422)
calls=6 1216 
* 66 18 4
+2 12 6 3
+16 3
-9 3
+9 6 3 2
+2 6
+1 12
-16 3
-1 3 3
+1 6
+10 3
+6 3
-5 3
+5 9
-62 6 2 2
+5 4
cfi=(94)
cfn=(410)
calls=2 395 
* 534 74 31 6 2
* 4

fn=(414)
1229 5
+1 15
cfi=(101) /build/glibc-GKVZIf/glibc-2.23/io/../sysdeps/unix/sysv/linux/wordsize-64/fxstat.c
cfn=(416) _fxstat
calls=5 34 
* 50 10

fn=(476) _IO_file_close
1250 20 4 4
+1 4

fn=(472) _IO_file_close_it@@GLIBC_2.2.5
160 12 4
-2 8
+9 4
-9 4
+5 20 4 2
+6 4
+3 4
-3 4
cfi=(94)
cfn=(474)
calls=4 1049 
* 28 8 8
+3 8 4 4
+4 12 4 4
+9 20
cfi=(94)
cfn=(418)
calls=4 380 
* 665 130 21 4 1
+1 8
+3 4
-3 4
+1 12
+2 4
cfi=(94)
cfn=(470)
calls=4 60 
* 12 4 3
+5 8
-4 4
+1 4
+1 4
+2 4
+1 16
-23 12 0 0 4 1
cfn=(476)
calls=4 1250 
* 24 4 4
* 8
-7 14 2 2
cfn=(540)
calls=2 494 
* 192 28 4 2
* 4

fn=(668)
868 1
+5 1
-5 1
+5 3 1 1
+2 1
+1 2 1
+17 2
+4 2

fl=(99) /build/glibc-GKVZIf/glibc-2.23/stdio-common/vfscanf.c
fn=(402) _IO_vfscanf
279 5200
+11 520
-11 1040
+11 1040
+1 520
fi=(104) /build/glibc-GKVZIf/glibc-2.23/stdio-common/../include/scratch_buffer.h
79 520
fe=(99)
291 520
fi=(104)
78 2080
fe=(99)
341 3120
+6 1562 520 4
+3 2600 1040
+4 520
+20 520
-20 520
+20 520
-13 1040
+6 520
+2 1560
+5 520
-5 520
+5 3120 1040 4
2671 520
315 520
-30 520
-1 1040
+95 520
2671 520
2215 1040
334 1040
-4 520
-1 520
-1 1040
-1 520
-32 520
-12 520
2215 520
383 10818 3606 519
+37 9261 3087 4
+23 3087
+1 3087
-1 3087
+1 3087 3087 7
+3 7715 1543 4
3024 4160 1560 6
fi=(104)
86 2600 520 5
fe=(99)
3027 1560 520 5
+3 1040 520 1
+17 2076 519 2
+6 4680
449 7715
347 1036 518 2
+3 2
+24 3120 520 4
3035 2 1 1
466 1544
223 1544
+1 3088
489 6176 1544 4
-6 4632
+24 3088 1544 2
+21 1544
+7 1544
-7 4632 1544 2
+10 15440 1544 0 1544 3
+80 3088 1544
+5 3088
-1 1544
+1 1544 1544 516
+1 2080 520 3
+3 1544
+1 6176
-1 3088
+1 1544
-1 1544
+1 7720
+6 15396 2568 5
+3 5128
-3 5128
+3 7698 2564 4
-3 6
+3 9 3 2
-3 5136 2568 8
+3 1550 1
+1 3088
+1 7720
-1 1544
+1 6173 1544 1
+4 1543
-4 3086
cfi=(94)
cfn=(428)
calls=1543 +34 
* 23145 3086 4
+4 12344 1543 0 1543 3
-19 1560 520 4
-73 12 3
+8 6
+75 8
cfi=(94)
cfn=(404)
calls=4 348 
* 980 156 57 18 5
* 12 5 3
+2 3088
+7 8 1 0 1 1
507 13896 1544 2
288 519
3014 4152 519
+3 8294 1038 2
+1 4152 1038 4
-1 2076 1038 6
538 3082
1404 13862 3081 1
+5 1540
-5 1540
+5 3080 1540 1
+9 7700 3080 265
+3 260
261 260
1421 780
261 260
1421 260
261 520 260
+3 780
1424 1820 260
+2 2080 520
+11 780 260 2
1748 7700
fi=(104)
114 6160
fe=(99)
1739 15700 7850 1
+2 7850 3925 2
+5 23550 6310 1458
+64 4620 1540
+7 4620 1540
+1 3080 1540 501
+28 9240 1540
cfi=(94)
cfn=(428)
calls=1540 673 
* 23100 3080 4
* 1540
261 3080 1540
+3 6160
1850 3080 1540
+17 1540
+1 4620
-1 1540
+1 1540
-1 3080 1540
+1 1540
cfi=(102) /build/glibc-GKVZIf/glibc-2.23/stdlib/../stdlib/strtol.c
cfn=(430) __strtol_internal
calls=1540 98 
* 192301 44208 1561
+6 4620 1540
+3 6160 1540
+2 3080 1540
+4 3080 1540 2
2458 4629
643 1
1396 1
+1 1
-2 1
+2 1
-1 1540
+1 1540
-2 1540
+2 1540
1918 24 3
+1 9 3
+8 9 3 2
+13 18 3
+21 6 3
+64 15 6 1
261 6 2
+3 6
2028 14 2
+2 8
+1 18 4 2
-7 4
+22 2
+16 6
+66 2
-66 6
fi=(104)
114 6
fe=(99)
2128 8
-66 3
+66 1
-66 3
fi=(104)
114 3
fe=(99)
2128 4
261 14 7 2
+3 21
2166 81 17 5
+4 10
-4 10
+4 40
2051 20 10
2170 3
2051 6 3
+6 39 13 8
+5 12 6 4
+33 12
+4 6
-4 6
+2 12 6 3
+2 12 3
+1 12 3 2
+13 18 3 2
261 9 3
+3 9
2113 21 3
+2 6 3 2
+2 3
+49 15 6 2
+7 6 3
+8 15 3
2418 3
-10 3
+10 12 6 2
261 6 3
+3 9
2426 6 3
+6 3
+2 3
-2 3 3 1
+7 3
+2 9
-2 3
+2 3
-2 3 3
+2 3
cfi=(106) /build/glibc-GKVZIf/glibc-2.23/stdlib/strtod.c
cfn=(438) __strtod_internal
calls=3 51 
* 1970 338 136
+2 21 6
+1 42 9 2
+10 6 3 1
643 1540
-4 3083
+4 6
1404 2
+2 6 1
1743 2385
261 7155 2385
+3 7155
1805 9540
+2 23850 4770
-59 7700 3080 2
1441 3840 1280 2
+3 6160 1540
3017 4
cfi=(94)
cfn=(404)
calls=2 348 
* 210 40 14 6
* 18 2
1444 4620 1540 2
2062 18 6 4
1107 4
288 519
3019 2589 519 2
cfi=(94)
cfn=(428)
calls=517 673 
* 7755 1034 2
* 517
2110 9 3
+37 6 3 2
-77 12 6
+1 36 6 3
264 3
1937 6
1820 3232 808 2
+65 3080 1540 1
250 1
2024 1
1924 3
-22 15400 1540
-15 3080 1540
+1 4620 1540 2
2159 18 3
cfi=(94)
cfn=(428)
calls=3 673 
* 45 6 2
* 3
288 9

fl=(126)
fn=(534)
24 251081
+1 251081
+1 251081
+1 251081
+1 251081
+1 251081
+1 251081
+1 251081 251081 16
+1 251080
+1 251080
+1 251080
+1 251080
+1 251080
+1 251080
+1 251080
+1 251080
+1 251080 251080 4
+1 251076
+2 251076
+7 251076
+4 4
+1 4
+1 4
+1 4
+1 4
+1 4
+1 4
+1 4
+1 4
+1 4
+1 4
+1 4
+1 4
+1 4
+1 4
+1 4
+1 4
+1 4
+1 4
+1 4
+1 4
+1 4
+1 4
+1 4 4 2
+52 5
+2 5
+7 5
+4 1
+1 1
+1 1
+1 1
+1 1
+1 1
+1 1
+1 1
+1 1
+1 1
+1 1
+1 1
+1 1
+1 1
+1 1
+1 1
+1 1
+1 1
+1 1
+1 1
+1 1
+1 1
+1 1
+1 1
+1 1
+1 1
+1 1
+1 1
+1 1
+1 1
+1 1
+1 1
+1 1
+1 1
+1 1
+1 1
+1 1
+1 1 1 1

fl=(49) /build/glibc-GKVZIf/glibc-2.23/string/../sysdeps/x86_64/multiarch/strcspn.S
fn=(188) strpbrk
45 1
+1 1
+1 1
+1 1 1
+1 1
+1 1

fn=(184) strcspn
45 1
+1 1
+1 1
+1 1 1
+1 1
+1 1

fl=(137)
fn=(576)
46 160
+3 40 20 10
+13 20
+1 20
-16 20
+18 40 20
+6 40
+1 74 20 3
+1 17
-1 34
+1 34
-1 34 17
+4 40 20 4
+3 20
234 20
81 20
234 140

fl=(92) /build/glibc-GKVZIf/glibc-2.23/misc/sbrk.c
fn=(372) sbrk
34 2
+8 2
-8 6
+8 9 3 1
+4 4 2 1
+4 6 2 1
+12 5
-19 2
cfi=(93) /build/glibc-GKVZIf/glibc-2.23/misc/../sysdeps/unix/sysv/linux/x86_64/brk.c
cfn=(374) brk
calls=1 -12 
* 12 2
* 4 1
+15 2
cfi=(93)
cfn=(374)
calls=1 -27 
* 12 2
* 2 1
+4 5

fl=(103) /build/glibc-GKVZIf/glibc-2.23/stdlib/../stdlib/strtol_l.c
fn=(432) ____strtol_l_internal
227 13860
+26 3080 1540 4
+22 1540
-1 1540
+10 6160 3080
+9 9240 1540 2
+2 3080 1540
+5 3080 1540
+5 1540
-6 1540
+6 1540 1540 2
+4 3080 1540 263
+10 2560 1280 1
+10 4620 1540 4
526 12320
311 520 260
+15 3080 1540 3
-79 1540
371 1540
+64 6160 3080
+38 1540
-18 1540
-4 1540
+22 1540
-19 1540
-3 1540
+4 1540
-4 1540
+4 3080
-4 3080
-14 7935 2645 10
-4 5290
+2 12120 5290 627
+44 3080 1540
+5 3080 1540
+1 1540
+5 3080 1540
+3 4620 1540 2
-28 7935 2645
+3 11816 5908 642
+5 2645
+1 10580
+17 4620 1540 1
+17 3080
348 6160

fl=(133)
fn=(564)
35 10 5 3
+2 5
+1 5
+1 10 5
+8 25

fl=(93)
fn=(374)
31 16 2
+8 2
-6 4 2
+7 2

fl=(138) /build/glibc-GKVZIf/glibc-2.23/debug/fprintf_chk.c
fn=(586) __fprintf_chk
26 1071296 56384 68
+4 845760 225536 16
+1 112768 56384
+1 56384
+2 56384
+1 169152
-1 281920
+1 56384
cfi=(125)
cfn=(532)
calls=56384 1236 
* 268768982 46052169 763472 641640 112770
+3 56384
-3 56384
+4 56384
-1 56384 56384
+1 56384
fi=(127) /build/glibc-GKVZIf/glibc-2.23/debug/../libio/libioP.h
875 56384
+1 56384
-1 56384
+1 56384 56384
+1 451072 169152 2
fe=(138)
43 281920

fl=(139)
fn=(588)
168 356608
+2 178304 89152 2
+9 3483320 275418 21965
+9 178304

fl=(98) /build/glibc-GKVZIf/glibc-2.23/stdio-common/isoc99_fscanf.c
fn=(400) __isoc99_fscanf
26 5200 520 5
+4 7800 2080 12
+3 520
-2 520
+3 2080
-1 2600
+1 520
cfi=(99)
cfn=(402)
calls=520 279 
* 832673 163125 5212 3112 12
fi=(105) /build/glibc-GKVZIf/glibc-2.23/stdio-common/../libio/libioP.h
875 520
+1 520
fe=(98)
34 520
fi=(105)
876 520 520
+1 4160 1560 6
fe=(98)
39 2080

fl=(132)
fn=(562)
37 105540
-4 105540
+4 211080
+1 105540
+9 211080
+9 105540
-18 316620
+18 105540
-18 105540
+9 105540
+9 105540 105540 892
+4 3048 1524 2
+43 208032
+4 104016
-4 104016
+4 104016
-45 1524
+45 3048

fl=(102)
fn=(430)
98 4620
cfi=(103)
cfn=(432)
calls=1540 227 
* 187681 44208 1561

fl=(129)
fn=(556)
61 389334
+4 389334 389334 3
+3 389334
+1 389334 389334 57704
+2 317207
+1 317207
+2 317207
+1 317207
+5 317207
+1 317207 317207 8072
-1 72127
+1 72127 72127 9660
+2 71185
+1 71185
+2 71185
+1 71185
+5 71185
+1 71185 71185 5
-1 318149
+1 318149 318149 29962
+2 38966
+1 38966
+2 38966
+1 38966
+5 38966
+1 38966 38966 6
-1 350368
+1 350368 350368 9
+2 2
+1 2
+2 2
+1 4
+5 2
+1 2 2
-1 389332
+1 389336 389332 13
+5 4
+1 4
+1 4
+1 4
+2 4
+2 4
+1 4
+2 4 4
+6 389334
+4 389334

fl=(146)
fn=(670)
27 2
+4 1
+2 2

fl=(74) /build/glibc-GKVZIf/glibc-2.23/elf/dl-altinit.c
fn=(274) dlinit_alt
33 3 1 1
+1 1

fl=(85) /build/glibc-GKVZIf/glibc-2.23/malloc/malloc.c
fn=(344) malloc
2903 39
+5 26
+1 26 13 1
+3 96 24 11
+2 36
cfn=(364) _int_malloc
calls=12 3350 
* 1945 231 84
+3 12
-3 12
+3 12 12
+8 48 24 9
+2 117 42 6
+3 48
-18 72 24 18
-2 1
+20 3
-20 1 0 0 1 1
cfi=(86) /build/glibc-GKVZIf/glibc-2.23/malloc/hooks.c
cfn=(346) malloc_hook_ini
calls=1 29 
* 59294 13401 2078 11 9

fn=(364)
3350 39 13
-30 26
+30 13
-30 52
+30 39
-30 13
+30 39
+4 39 13
+14 26 13 3
+37 26 13 5
+2 12
+1 12
+2 4
-2 4
+2 8 4 2
+2 2 1 1
+37 76 17 6
+1 18 9 6
+1 2
cfn=(366) malloc_consolidate
calls=1 4145 
* 651 129 9
3820 182
-2 13
+2 13
-2 13
+2 26
5003 13
3818 13
+2 13
5005 13
3820 13
5005 13
3820 39
5005 26
3820 52
5003 26
3470 65 13 7
3834 117
3604 26 13 6
+73 26
+1 26
+1 26
+1 26
+1 26
+5 26 13 8
+4 39 13 5
+3 20 5
-3 15 5 1
+3 16 4 1
-3 8 4 2
3793 13
+3 13
-2 26
+2 26 13 5
+17 8 4 3
3606 27
+3 9
-3 9
+3 27 9 6
3449 3
1880 16 4 3
3449 59 8 4
3828 12
cfn=(368) sysmalloc
calls=4 2269 
* 540 81 23 2 2
+1 8 4 3
-28 9
-3 9
+1 9
+2 9
-1 9
+1 18
+2 9
-2 36
+2 9
+3 9
1880 27 9 3

fn=(366)
4145 2 1
4997 4
1809 3
-3 2 1 1
+3 378
-3 252 126 7
+7 3 1 1
+5 1
+2 1
-2 2
-1 3

fn=(368)
2269 32
+20 4
+11 4
-11 4
+11 4 4
+1 14 4 2
fi=(87)
622 3
fe=(85)
2316 5
+65 1
+1 3
+10 1
-9 1
+9 5 2
+6 4 1
+3 3 1 1
2724 2 1
+1 1
+8 4 1
+5 1
-3 1
+3 1
-2 1
+2 3
+1 1
-1 1
-1 1
+4 1
-3 2
+1 1
+8 36
2302 9 3
+14 12
+6 6 3 2
+19 9 3
+15 9
+5 9 3
+1 15 6
+3 9 3
+1 15 6 2
+98 1
-8 4
+8 1 1 1
+21 5 0 0 1 1
cfi=(91) /build/glibc-GKVZIf/glibc-2.23/malloc/morecore.c
cfn=(370) __default_morecore
calls=1 46 
* 62 10 2
* 1
+1 1
+3 4 1
+3 2
+1 2 1
+20 2
+26 2 1 1
+2 2
+6 1
-6 1
+6 1 1 1
2322 1
2465 1
+10 5
+8 1
-8 1
+8 1 1 1
+67 7 3
+37 2 1 1
+6 3 1 1
+19 1
+3 2
+1 5
+2 1
-2 1
+2 1 1
+1 3 0 0 1 1
cfi=(91)
cfn=(370)
calls=1 46 
* 25 3 1
+12 2 1
+8 1
+1 1
-1 2
+1 2 1
+39 1
+1 1
-2 1
+1 3
+12 1
-12 1
+1 1
+11 1 1 1
2540 5
2324 21
cfi=(119) /build/glibc-GKVZIf/glibc-2.23/misc/../sysdeps/unix/sysv/linux/wordsize-64/mmap.c
cfn=(496) mmap
calls=3 33 
* 99 9 4
+2 6 3 2

fn=(482) _int_free
3842 81
+13 9
-13 9
+13 18
+6 36 9
+1 18 9
+11 36 18 2
+13 18 9 2
4106 72
3961 18 9
+1 27 9 2
+15 18 9 2
+8 27 9
+6 18
+1 18 9
+1 18 9
1887 27 9 2
4002 18 9 2
+7 18 9 3
+5 2 1 1
+13 1
-1 1
+2 2 1 1
+7 1
-2 1
+1 1
+1 1 1
+2 1
+1 1
+2 1
+1 1
+2 3
+1 1
+30 18 9
+1 18 9
+3 27 9 3
3963 45 18 4
+8 9
-4 9
+4 27 9
-7 18
4094 27 9
+1 27 9
+1 45 18 9
-78 2
+37 8
+1 24
+1 16
-80 45 9 2
4080 45 9 3
+2 8
cfn=(484) systrim.isra.1
calls=2 2760 
* 56 4
* 2

fn=(484)
2760 14
+11 6
+2 2
+1 4 2
-4 2
+8 6
+2 4 2
-5 2
+49 16

fn=(480) free
2935 60
+5 24
+1 24 12 2
+6 24 12
+5 12
-2 12
+2 24 12 3
+16 27 9 5
+1 18
cfn=(482)
calls=9 3842 
* 998 241 38
+1 54
-15 9 3
+2 10 5 1
+2 2
+1 2
-1 2
+1 2
+1 5
2834 2
+1 1
+6 1
-7 1
+7 6 1
-7 4
+1 2
+6 2
-7 2
+7 12 2
+7 3 3
+1 9 3 1
+5 6
cfi=(140)
cfn=(598)
calls=3 84 
* 15 3
2970 18

fl=(115)
fn=(460)
48 1078340
+6 107834
-6 323502
+6 107834 107834
+13 107834
-1 215668 107834
+5 107834
+1 215668 107834
+9 107834
cfi=(116)
cfn=(462)
calls=107834 -49 
* 3450676 323503 6
+2 107834
+5 107834
-5 215668
+1 107834
+4 107834 107834 640
+54 862672

fl=(130)
fn=(558)
73 105540
+12 105540
-12 211080
+2 1477539 211077 7
+1 211074 105537
+2 211074 105537
+6 105537
+1 211074
+3 527685
+5 105540

fl=(101)
fn=(416)
34 5
-1 5
+1 5 5
+1 30 5
+4 5

fl=(109)
fn=(444)
61 10
+2 10
+2 10 10 1
+3 10
+1 10 10 7
+11 10
+1 10 10 9
+11 10
+1 10 10 8
+11 10
+1 10 10 4
+2 5
+1 5
+2 5
+1 5
+5 5
+1 5 5 4
-1 5
+1 10 5
+5 5
+1 5
+1 5
+1 5
+2 5
+2 5
+1 5
+2 5 5
+8 10

fl=(108)
fn=(442)
66 105543
+1 105543
+1 105543
+1 105543
+1 105543
+1 105543
+1 105543
+2 105543
+2 105543 105543
+30 105543
+1 105543
+1 105543
+1 105543
+1 105543 105543 2
+1 105543
+1 105543

fl=(50) /build/glibc-GKVZIf/glibc-2.23/string/../sysdeps/x86_64/multiarch/strspn.S
fn=(190) strspn
30 1
+1 1
+1 1
+1 1 1
+1 1
+1 1

fl=(70) /build/glibc-GKVZIf/glibc-2.23/string/../sysdeps/x86_64/strrchr.S
fn=(262) rindex
24 1
+1 1
+1 1
+1 1
+1 1
+1 1
+1 1
+1 1 1
+1 1
+1 1
+1 1
+1 1
+1 1
+1 1
+1 1
+1 1
+1 1 1
+1 1
+1 1
+1 1
+1 1 1
+1 1
+1 1
+1 1

fl=(86)
fn=(346)
29 4
fi=(87)
385 1
fe=(86)
30 1
fi=(87)
385 1
fe=(86)
30 1
fi=(87)
385 1 1 1
fi=(85)
2912 7 2 1
+2 3
cfn=(364)
calls=1 3350 
* 1035 183 28 2 2
+3 1
-3 1
+3 1 1
+8 4 2 2
+2 11 4 1
fe=(86)
33 4
fi=(85)
2912 6 2 2
+12 1
cfi=(87)
cfn=(350)
calls=1 383 
* 58208 13205 2042 9 7
* 1
-15 2 1 1
fe=(86)

fl=(72) /build/glibc-GKVZIf/glibc-2.23/string/../sysdeps/x86_64/cacheinfo.c
fn=(268) handle_intel
262 4 2
-1 4
+17 2
-17 12
+14 2
+1 4
-3 6
+23 8
cfn=(270) intel_check_word
calls=2 133 
* 664 198 35
+1 4 2
+3 10
cfn=(270)
calls=2 133 
* 238 38 22
+1 4 2 2
-17 4
+5 2
-5 6
+5 2 2
+2 2
+1 2
-1 4
+27 16

fn=(270)
133 8 4
+6 4
-7 20
+7 16
-7 4
+7 4
+2 4
-2 4
+2 4 4
+68 8
+3 24
-69 4
+2 8 4
-2 6
+2 12 6
+8 20 10 2
+51 16 8 4
+22 8
fi=(73) /build/glibc-GKVZIf/glibc-2.23/string/../bits/stdlib-bsearch.h
27 8
+1 16
+3 16
+1 8
fe=(72)
+89 16 8
fi=(73)
-90 12
+1 6
fe=(72)
+89 12 6
+3 54 54 9
fi=(73)
-95 46
+2 46
-2 46 46 6
+2 80
+1 40
fe=(72)
+89 80 40 10
251 8
141 16 8 2
-6 2
256 24
fi=(73)
37 8
-8 18 8 4
fe=(72)
165 6
+3 6 2
+4 4
+2 4
+1 14 3 2
+2 7 1 1
-12 2
+12 2
+1 10 5 3
+1 10 5 4
+1 6 3 3
+17 3
-32 9
+3 9 3
+4 6
+2 6
+1 12 3 2
+2 12 3 3
+5 2
+2 4 2 2
+2 32

fn=(266) init_cacheinfo
482 2
+12 1
-12 3
+12 3 1 1
+2 4
cfn=(268)
calls=1 262 
* 454 111 27
+4 2
-4 1
+4 1
cfn=(268)
calls=1 262 
* 546 133 32
+2 1
-2 1
-1 1
+3 1 1
+9 2 1
+2 1
+1 1
+2 1
+5 2
+9 4
-9 4
+9 16 4 1
-9 12
+6 8 4 4
+69 4 2
+1 5
+55 2 1
+2 1
+1 1
+2 1
-3 1
+5 1
-5 1
+4 3
+4 2 1
+2 1
+1 1
+2 1
-3 1
+5 1
-5 1
+4 2
+3 1
-3 1
+3 5
532 1
+32 1
-26 6 2
+7 5
+2 1
+1 1
+1 2 1
-4 4
+2 1
+1 1
+1 6 3 1
+2 2
-6 2
+6 2 2 1
+5 1
+2 2
+1 1
-1 1
+1 3
+6 1
-1 1
+1 5 1 1

fl=(117) /build/glibc-GKVZIf/glibc-2.23/libio/iofclose.c
fn=(468) fclose@@GLIBC_2.2.5
39 12
+14 4
-14 4
+14 8 4 4
+9 16 0 0 4 1
cfi=(95)
cfn=(488)
calls=4 200 
* 108 20 8
+1 12 4 2
+18 24 12
+3 8
cob=(2)
cfi=(16)
cfn=(478)
calls=4 -84 
* 549 122 20 4
+4 20
-34 4
cfi=(94)
cfn=(470)
calls=4 +6 
* 352 76 30
+2 76 16 4
+1 8 4
+1 8
cfi=(95)
cfn=(472)
calls=4 160 
* 1131 192 52 10 2
* 12
fi=(118) /build/glibc-GKVZIf/glibc-2.23/libio/libioP.h
866 8 4 1
+1 36 12 4
fe=(117)
78 8 4 2

fl=(45) /build/glibc-GKVZIf/glibc-2.23/string/../sysdeps/x86_64/multiarch/strcmp.S
fn=(176) strcasecmp
109 1
+1 1
+1 1
+1 1 1 1
+10 1

fn=(186) strncasecmp
129 1
+1 1
+1 1
+1 1 1 1
+10 1

fl=(106)
fn=(438)
51 9
cfi=(107)
cfn=(440)
calls=3 481 
* 1961 338 136

fl=(66) /build/glibc-GKVZIf/glibc-2.23/csu/../csu/init-first.c
fn=(254) _init
52 8
+6 3 1 1
+14 1
fi=(68) /build/glibc-GKVZIf/glibc-2.23/csu/../sysdeps/unix/sysv/linux/x86_64/init-first.c
-36 1
fe=(66)
+34 1
+1 1
fi=(68)
-35 3
fe=(66)
+36 1
fi=(68)
-36 3
fi=(67) /build/glibc-GKVZIf/glibc-2.23/csu/../sysdeps/generic/dl-hash.h
+12 3
+14 4
-17 3 1 1
+3 9
+14 12
-17 9 3 2
fi=(68)
-9 3 1
+2 2
-2 1
+2 2
cfi=(48)
cfn=(182)
calls=1 -11 
* 6 1 1
+1 2 1 1
+5 2
-3 2
+1 1
+2 1
cfi=(48)
cfn=(182)
calls=1 -17 
* 6 1 1
fe=(66)
+42 3
fi=(68)
-41 2
+1 1
fe=(66)
+40 1
cfi=(69) /build/glibc-GKVZIf/glibc-2.23/misc/init-misc.c
cfn=(260) __init_misc
calls=1 -55 
* 48 5
+8 1
cfi=(71)
cfn=(264)
calls=1 -63 
* 16
+5 6
-34 1
-7 1
+7 4 1 1
fi=(68)
-25 2
fe=(66)

fl=(69)
fn=(260)
31 2 1
-1 3
+1 4 1
+2 3
cfi=(70)
cfn=(262)
calls=1 -9 
* 24 3
+4 5
+1 3
+2 4

fl=(91)
fn=(370)
46 2
+1 2
cfi=(92)
cfn=(372)
calls=2 -13 
* 73 13 3
+1 6
+4 4

fl=(121) /build/glibc-GKVZIf/glibc-2.23/string/../sysdeps/x86_64/multiarch/memset.S
fn=(504) memset
28 1
+1 1
+1 1
+1 1 1 1
+9 1

fl=(116)
fn=(462)
32 1622301
+3 1622301
+1 1622301
+1 1622301
+1 1622301
+1 1622301
+2 1622301
+1 1622301
+2 1622301
+1 1622301 1622301 25
+1 1622301
+1 1622301 1622301 1078
+1 1475531 1475531 163
+2 1475151
+1 1475151 1475151 2
+1 1475151
+1 1475151
+19 380
+1 380
+1 380
+1 380
+1 380
+1 380
+2 146770
+1 146770
+1 146770
+1 146770
+1 146770
+1 146770
+1 146770
+1 146770
+1 146770
+17 380
+1 380
+1 380
+1 380
+1 380
+1 380
+1 380
+1 380
+1 380
+1 380
+1 380
+1 380 380
-2 146770
+1 146770
+1 146770 146770 66
+2 147150
+1 147150
+1 147150
+1 147150
+1 147150
+1 147150
+2 147150
+3 147150
-5 1475151
+2 1475151
+3 1475151

fl=(46) /build/glibc-GKVZIf/glibc-2.23/time/../sysdeps/unix/sysv/linux/x86/time.c
fn=(178) time
38 1
-1 1
+1 6
fi=(47)
+10 3
+14 4
-17 3 1 1
+3 9
+14 12
-17 9 3 2
fe=(46)
-7 3 1
+3 2
-3 1
+3 1
cfi=(48)
cfn=(182)
calls=1 -14 
* 6 1 1
+1 3
+1 2

fl=(119)
fn=(496)
33 3
-1 30
+1 9 3 2
+1 30 3
+2 21
-3 6 3 2

fl=(124) /build/glibc-GKVZIf/glibc-2.23/debug/printf_chk.c
fn=(530) __printf_chk
26 92 5 1
+4 85 20 8
+1 10 5
+1 10
+2 5
+1 15
-1 25
+1 5
cfi=(125)
cfn=(532)
calls=5 1236 
* 13582 2434 509 88 11
+3 5
-3 5
+3 5 5 2
+1 10
fi=(127)
875 5
+1 10 5 3
+1 40 15 5
fe=(124)
43 30

ob=(1)
fl=(6) /build/glibc-GKVZIf/glibc-2.23/elf/dl-lookup.c
fn=(170) _dl_lookup_symbol_x
806 1144
568 104
806 416
568 520 104
+1 104
-1 104
+1 312
-1 312 104 10
+1 1298
-1 1298
+1 3894
-1 4102 1298 136
808 104
+4 104
+4 104
-8 104
+1 208
+7 290 197 10
+7 104
-2 104
+2 104
-2 104 104
+6 104
-7 104
+7 208 104
-7 624
+15 10 10 2
-8 50 10 2
+2 1456
cfn=(172) do_lookup_x
calls=104 355 
* 47350 7164 524 105 21
+3 312 104 3
+26 208 104 2
+22 94
+1 658 188
+31 94
+9 470 94
+14 282 94 5
+3 376 94
+5 94
+2 832
-85 70 20 2
+16 10
+1 20
+59 2

fn=(10) _dl_setup_hash
956 15 5
+4 5
+4 10
+2 5
-1 5
+3 15 5
+1 5
+1 5
+3 5
-3 5
+7 5
-4 5
-1 5
+3 5
+2 5
-7 5
+7 5
+1 5

fn=(172)
355 728
+1 104
-1 520
+48 104
-30 104
-11 104
+41 104
+7 208
-7 208
-30 416
+37 416
-44 208
+3 208 104
-3 640
+3 640 320
+4 856 428 22
+4 846 423 1
+4 846 423 2
+6 1269 423
+8 423
-4 423
+1 423
+3 846
+1 1269
+3 423
+1 846 423
+2 846
+8 423
-8 423
+8 4230 423 116
-99 329
553 2314 881 56
+1 130
cfi=(34) /build/glibc-GKVZIf/glibc-2.23/elf/dl-misc.c
cfn=(106) _dl_name_match_p
calls=65 288 
* 7167 874 78 94 12
* 195 65 2
+3 990 330 24
+3 10
+1 832
-92 188 94 2
+50 696 254 21
+4 42 14
+12 188
+1 94
+1 188
413 606
+2 202 101 2
+2 1287
+13 291 97 5
-10 955 191 84
+2 188
+1 470
-1 94
+1 658
-1 94
+1 282
cfn=(174) check_match
calls=94 92 
* 8583 1197 101 11 9
+4 282 94 5
+34 10 5 3
+94 35
439 846

fn=(174)
92 752
+3 658 188 6
+12 564 94 1
+3 488 94 13
cfi=(19) /build/glibc-GKVZIf/glibc-2.23/string/../sysdeps/x86_64/multiarch/../strcmp.S
cfn=(54) strcmp
calls=28 +34 
* 1048 124 45 8 7
* 56 28 1
+5 94
-1 94
+1 94 94 2
+2 186 93
+19 186
+1 744 93 11
+46 94
-7 94
+7 470
-18 2 1
+2 1
+1 4
-1 5 1 1
-29 279
cfi=(19)
cfn=(54)
calls=93 +6 
* 2391 294 21 3 2
* 279 93

fl=(64) /build/glibc-GKVZIf/glibc-2.23/elf/dl-init.c
fn=(240) call_init.part.0
28 25
+8 5
+3 5
-3 10
+3 15 5 1
+5 28 4 1
+5 6 3
+9 18 0 0 3 3
cob=(2)
cfi=(16)
cfn=(276) 0x0000000004c2f428
calls=1 -58 
* 6 1 1
cob=(3)
cfi=(66)
cfn=(254)
calls=1 -6 
* 176 15 8
cob=(2)
cfi=(16)
cfn=(242) 0x0000000004a28530
calls=1 -58 
* 6 1 1
* 3
+4 6 3
+6 3
+2 6
-2 6
+3 15 3
+1 12 0 0 3 3
cob=(4)
cfi=(59)
cfn=(280)
calls=1 -72 
* 17 2 1
cob=(3)
cfi=(72)
cfn=(266)
calls=1 482 
* 1159 268 68
cob=(5) /usr/lib/valgrind/vgpreload_core-amd64-linux.so
cfi=(65) ???
cfn=(246) 0x0000000000000650
calls=1 -72 
* 17 2 1
* 4 0 0 1 1
cob=(3)
cfi=(74)
cfn=(274)
calls=1 -39 
* 4 1 1
* 4
-1 8 4 1
+3 30
-29 3 1 1
-5 3 1

fn=(238) _dl_init
80 11
+1 1
+1 1
+3 3 1 1
+8 2 1 1
+1 2
+25 18 6 1
+1 15
-90 26 5 1
cfn=(240)
calls=4 -2 
* 1524 305 83 5 5
* 4
+96 8
-96 2 1 1
+58 2
+16 1
cfn=(240)
calls=1 -76 
* 76 9 2 2 2
* 1

fl=(11) /build/glibc-GKVZIf/glibc-2.23/string/../sysdeps/x86_64/strlen.S
fn=(22) strlen
66 23
+1 23
+1 23
+1 23
+1 23
+1 23
+1 23
+2 23
+2 23 23 2
+30 21
+1 21
+1 21
+1 21
+1 21 21 9
+1 9
+1 9
+4 12
+1 12
+1 12
+1 12
+1 12
+1 12
+1 12
+1 12
+1 12
+1 12
+1 12
+1 12
+5 96 12
+4 2
+1 28
+1 16 2

fl=(77) /build/glibc-GKVZIf/glibc-2.23/elf/../elf/dl-runtime.c
fn=(300) _dl_fixup
66 24
+5 24
-5 12
+3 24
+3 12
-1 24
-3 12
+5 72
+1 12
-1 12
+1 24
+5 24 12 1
+4 24 12
+4 36 12 1
+4 12
+1 60
+2 48
+7 24
-1 12
+1 12 12
+10 108
cfi=(6)
cfn=(170)
calls=12 806 
* 12228 1662 142 78 14
* 12
+4 60 12
+10 72 24
+16 12
-8 12
+8 36 12 3
+4 36 12
fi=(5) /build/glibc-GKVZIf/glibc-2.23/elf/../sysdeps/x86_64/dl-machine.h
+90 12
fe=(77)
-86 36
fi=(120) /build/glibc-GKVZIf/glibc-2.23/elf/../sysdeps/x86_64/dl-irel.h
32 2 0 0 2 2
cob=(3)
cfi=(51)
cfn=(192)
calls=1 +5 
* 66 6 4
cob=(3)
cfi=(121)
cfn=(504)
calls=1 -4 
* 5 1 1
* 2
fe=(77)

fl=(1) ???
fn=(0) 0x0000000000000cc0
0 2
cfi=(2)
cfn=(2) _dl_start
calls=1 337 
0 115625 19555 2174 344 88
0 14
cfi=(64)
cfn=(238)
calls=1 80 
0 1697 328 90 7 7
0 3 0 0 1 1
cob=(6)
cfi=(75)
cfn=(290) _start
calls=1 0 
0 146549199359 2348558322 6012589 702046 112870

fl=(15) /build/glibc-GKVZIf/glibc-2.23/elf/dl-object.c
fn=(32) _dl_new_object
61 56
+1 4
cfi=(11)
cfn=(22)
calls=4 +4 
* 82 9 1
+6 4
-6 8
+6 8 4 3
+7 16
cfi=(17) /build/glibc-GKVZIf/glibc-2.23/elf/dl-minimal.c
cfn=(36) calloc
calls=4 +28 
* 209 20 11 8 2
* 4 0 0 4 1
+3 4
-3 4
+3 4 4
+4 4
+5 8
-6 4
+6 4
-5 4
+3 8
+2 4
cfi=(18) /build/glibc-GKVZIf/glibc-2.23/string/../sysdeps/x86_64/multiarch/../memcpy.S
cfn=(46) memcpy
calls=4 -26 
* 111 30 15
+10 4
-10 4
+10 4
-8 4
+9 8
-1 12
+1 12
+3 4
-4 4
+1 4
+3 4 4 4
+9 4
-7 4
+4 4
+3 10 4 3
+2 2
-2 2 1 1
+2 30
-2 30 15 9
+12 4
+6 4
-5 4
-1 4
+6 20 4 1
+2 3
+3 3
-3 3
+3 3 3
-3 6
+7 9 3
+4 6 3 3
+2 5 1
+6 1
+6 1
-3 2
+3 5 1 1
-3 6
+3 6 3
+2 9
cfi=(11)
cfn=(22)
calls=3 -91 
* 100 8 1
+4 3
-4 12
+4 9 3
+64 6
+4 32
68 40
+34 11
+39 12 3 3
+70 9
cfi=(25) /build/glibc-GKVZIf/glibc-2.23/string/../sysdeps/x86_64/memcpy.S
cfn=(70) mempcpy
calls=3 61 
* 97 24 11
* 53
+6 50
-1 50
+1 53 50 22
-1 3
+1 9 3 3
+5 6
-89 2 1 1
+32 6
cfi=(17)
cfn=(40) malloc
calls=3 -71 
* 87 9 3 3
* 3 0 0 3
+1 3
-1 3
+1 9 3
+2 1
-35 2

fn=(48) _dl_add_to_namespace_list
32 20
+2 8 0 0 4 1
cfi=(2)
cfn=(50)
calls=4 688 
* 8
+2 4
-2 4
+2 27 4 3
+3 27 9 6
+2 3
+2 3
+4 3
+4 3
-4 6
+1 3
+4 6
-4 3
+1 3
+3 3
-3 3
+2 3 0 0 3
cfi=(2)
cfn=(52)
calls=3 694 
* 6
-4 1
+4 1
-4 2
+1 1
+4 2
-4 1
+1 1
+3 1
-3 1
+2 1 0 0 1 1
cfi=(2)
cfn=(52)
calls=1 694 
* 2
-5 2

fl=(44) /build/glibc-GKVZIf/glibc-2.23/elf/dl-reloc.c
fn=(164) _dl_relocate_object
149 50
+15 5
-15 10
+15 5 5
+1 30
+6 10 5
+6 15 5 2
-18 10
+22 10 5
+7 5
-32 5
+32 5 5 2
+44 5
fi=(5)
76 15
fe=(44)
232 10
fi=(5)
76 15 10 1
+6 8
+4 12 4 1
+14 4
-8 4
+10 4
-2 8 4
+20 8 4 2
+9 3 1 1
fe=(44)
258 206 66 28
-98 24
fi=(5)
301 32
fe=(44)
-43 4
fi=(4) /build/glibc-GKVZIf/glibc-2.23/elf/do-rel.h
58 4
-10 4
-1 8
+11 4
-11 4
+11 4 4 3
fe=(44)
258 1
-98 6
fi=(5)
301 8
fe=(44)
-43 1
fi=(4)
58 1
-10 1
-1 2
+11 1
-11 1
+11 1 1 1
fe=(44)
258 5
fi=(4)
58 5
-10 5
-1 10
+11 5
-11 5
+11 5 5 1
+3 20 4 4
fi=(5)
528 66
+4 66 33
+2 99 33 1
+1 33
fi=(4)
61 159 53 4
+2 220 55 10
+2 70 22 7
-4 6 2 2
+13 8 4 2
+1 10 4 2
+1 44 22
fi=(5)
528 22
+26 22
fi=(4)
75 22
fi=(5)
554 44 0 0 22 22
cob=(4)
cfi=(59)
cfn=(226)
calls=1 0 
* 8 2 1
cob=(4)
cfi=(59)
cfn=(224)
calls=1 0 
* 8 2 1
cob=(4)
cfi=(61)
cfn=(222)
calls=1 16 
* 5 1
cob=(4)
cfi=(63)
cfn=(220)
calls=1 25 
* 5 1 1
cob=(4)
cfi=(62)
cfn=(218)
calls=1 25 
* 5 1 1
cob=(4)
cfi=(61)
cfn=(216)
calls=1 10 
* 5 1 1
cob=(4)
cfi=(60)
cfn=(214)
calls=1 25 
* 5 1 1
cob=(4)
cfi=(59)
cfn=(212)
calls=1 0 
* 8 2 1
cob=(4)
cfi=(58)
cfn=(210)
calls=1 8 
* 5 1
cob=(4)
cfi=(57)
cfn=(208)
calls=1 25 
* 5 1 1
cob=(4)
cfi=(56)
cfn=(206)
calls=1 25 
* 5 1 1
cob=(4)
cfi=(55)
cfn=(204)
calls=1 25 
* 5 1 1
cob=(4)
cfi=(54)
cfn=(202)
calls=1 12 
* 8 2 1
cob=(4)
cfi=(53)
cfn=(200)
calls=1 9 
* 8 2 1
cob=(3)
cfi=(52)
cfn=(196)
calls=1 0 
* 18 3
cob=(3)
cfi=(51)
cfn=(192)
calls=1 37 
* 66 6 3
cob=(3)
cfi=(50)
cfn=(190)
calls=1 30 
* 6 1
cob=(3)
cfi=(49)
cfn=(188)
calls=1 45 
* 6 1
cob=(3)
cfi=(45)
cfn=(186)
calls=1 129 
* 5 1 1
cob=(3)
cfi=(49)
cfn=(184)
calls=1 45 
* 6 1
cob=(3)
cfi=(46)
cfn=(178)
calls=1 38 
* 66 6 4
cob=(3)
cfi=(45)
cfn=(176)
calls=1 109 
* 5 1 1
fi=(4)
75 22
fi=(5)
555 22
fi=(4)
75 28 22 15
fe=(44)
258 4 2
fi=(4)
75 16
fe=(44)
258 16 8 5
+3 20 5
+24 5
+3 10 5
+17 15 5 5
+2 40
fi=(4)
84 6
-1 6
+3 12
-3 6
+3 6
+12 18 6 2
+10 8 4 1
+3 11 4 1
fi=(5)
512 3
fi=(4)
112 6
fi=(5)
512 1198 3
fi=(4)
112 2384
fi=(5)
512 2384 1192
+5 2390 1195
+1 2390
fi=(4)
111 2390
fi=(5)
518 1195
fi=(4)
111 1195 1195 8
+7 18 6 1
+6 5
-3 10
+3 13 5 1
fi=(5)
447 12
fi=(4)
127 416 104 1
+9 208
+3 104
-3 104
+3 104
fi=(5)
269 104
fi=(4)
138 104
-2 104
+1 416
fi=(5)
269 104 104
+21 208 104
+4 208 104
+7 2027 447 9
fi=(4)
137 86
fi=(5)
301 172
fi=(4)
137 86
fi=(5)
301 86
fi=(4)
137 86
fi=(5)
301 172 86
fi=(4)
137 1
fi=(5)
301 2
fi=(4)
137 1
fi=(5)
301 1
fi=(4)
137 1
fi=(5)
301 1220 1
cfi=(6)
cfn=(170)
calls=87 806 
* 53509 7747 537 27 7
* 696
+2 270 90 2
+3 98
-3 196
+3 294 98
+6 624 104 0 104 7
fe=(44)
178 10 5 3
fi=(5)
435 264
fi=(4)
124 320 104 11
+19 8 4 4
fi=(5)
301 57 4 1
fi=(4)
108 3 1
fi=(5)
407 45 15 1
+4 75 15
+14 75
+49 3 1
+4 7
cfi=(18)
cfn=(46)
calls=1 61 
* 18 6 4
+2 4 1
+1 1 1 1
fe=(44)
313 25
+3 5
-3 10
+3 5
+4 10 5
+1 20
cfi=(38) /build/glibc-GKVZIf/glibc-2.23/misc/../sysdeps/unix/syscall-template.S
cfn=(124) mprotect
calls=5 84 
* 25 5
* 15 5 2
fi=(5)
123 20
+6 16 4
fe=(44)
258 3
fi=(4)
129 10
fi=(5)
301 87 12 6
fi=(4)
160 7 1
+2 20 5
+8 10
+1 5
-1 5
+1 5
fi=(5)
+98 5
fi=(4)
-99 15
fi=(5)
+99 5 5
+21 10 5
+4 10 5
+7 180 25
cfi=(6)
cfn=(170)
calls=5 806 
* 2629 384 17
* 35
+2 15 5 2
+3 1
-3 2
+3 3 1
+6 30 5 0 5 1
435 15
fi=(4)
160 17 5 4
+14 2 1 1
fi=(5)
301 6
fe=(44)

fl=(17)
fn=(44) __libc_memalign
52 93
+1 123 31 1
+11 90
+3 30
-3 30
+3 60 30 4
-3 3
+3 1
-3 1
+3 114 29 25
+4 12
+1 6 3
+6 24
cfi=(26) /build/glibc-GKVZIf/glibc-2.23/misc/../sysdeps/unix/sysv/linux/wordsize-64/mmap.c
cfn=(72) mmap
calls=3 -45 
* 99 9 7
+2 15 3
+4 9
+3 3
+1 3
+2 15
-3 28
+1 28
+2 140
-31 2
-1 5

fn=(36)
103 10
+8 30
-4 10
+4 20 10 9
+3 10
cfn=(40)
calls=10 -20 
* 347 34 13 10 1
* 10 0 0 10 1

fn=(86) free
120 3
+2 9 3
+7 6

fn=(80) strsep
354 12 6
+2 6
+1 12 6 2
+4 196 4
+7 516 172 5
-2 348 174 13
+6 4
+7 2
+4 2
-4 2
+4 4
-7 86
-15 262 86 6

fn=(40)
94 30
+1 60
cfn=(44)
calls=30 -43 
* 858 98 33
* 30 0 0 30 1

fl=(7) /build/glibc-GKVZIf/glibc-2.23/elf/../elf/dl-sysdep.c
fn=(12) _dl_sysdep_start
86 8
+25 1
-1 1
+1 162 52 10
+6 1
-3 1
+1 1
-4 1
+3 1
+3 4 1
+1 2
-1 25
+1 105 18 1 17 13
-1 102 28 11
+62 1
+1 1
-1 1
+1 1
-29 1
+1 2
+11 1
+1 1
-1 1
+1 1
-7 1
+1 1
-1 1
+1 1
-4 1
+1 2
-25 1
+1 2
-4 1
+1 2
-7 1
+1 1
+2 1
+1 1
fi=(9) /build/glibc-GKVZIf/glibc-2.23/elf/../sysdeps/unix/sysv/linux/dl-sysdep.c
-90 2
cfi=(10) /build/glibc-GKVZIf/glibc-2.23/elf/../sysdeps/unix/sysv/linux/x86_64/brk.c
cfn=(18) brk
calls=1 -4 
* 11 2
fi=(5)
223 5 2 1
fi=(8) /build/glibc-GKVZIf/glibc-2.23/elf/../sysdeps/x86/cpu-features.c
61 2
+3 1
-3 1
+3 9 1 1
175 3 1
+1 1
+3 2 1
+1 1
+2 2 1
+1 7
+7 3 1
+4 2
+2 4 1 1
+51 2 1 1
fe=(7)
-16 1
fi=(8)
+27 1
+1 1
+1 1
fe=(7)
-29 1 1
+1 1
cfi=(11)
cfn=(22)
calls=1 66 
* 32 2 1
* 1
+2 2
cfi=(12) /build/glibc-GKVZIf/glibc-2.23/elf/../misc/sbrk.c
cfn=(24) sbrk
calls=1 34 
* 17 3 1
* 3 1
+12 3 1
+3 5 0 0 1 1
cfi=(2)
cfn=(26) dl_main
calls=1 738 
* 114331 19299 2113 319 72
+1 1
+1 8
fi=(8)
-4 2 1
+1 4 2
+1 4 2 1
-49 2 1
+1 1
+6 3 1 1
+5 3 1
+16 2 1 1
+3 2 1 1
29 2
+4 1
-4 1
+5 1
-1 1
+2 1
-1 1
+1 1
-2 1
+1 1
+1 1
+1 1
-7 2
+3 1
+4 1 1
+5 1
+32 2
-32 1
+27 1
+5 1 1
+3 1
+1 8 1 0 1 1
+57 2
-66 2
+44 2 1 1
250 2 1
+1 4 1 1
fe=(7)

fn=(230) _dl_sysdep_start_cleanup
256 1

fl=(25)
fn=(70)
61 53
+4 53 53 2
+3 51
+1 51 51 30
+2 14
+1 14
+2 14
+1 14
+5 14
+1 14 14 2
-1 37
+1 37 37 9
+2 34
+1 34
+2 34
+1 34
+5 34
+1 34 34 16
-1 17
+1 17 17 12
+2 12
+1 12
+2 12
+1 12
+5 12
+1 12 12 6
-1 39
+1 39 39 9
+2 28
+1 28
+2 28
+1 56
+5 28
+1 28 28 10
-1 23
+1 28 23 13
+5 5
+1 5
+1 5
+1 5
+2 5
+2 5
+1 5
+2 5 5
+6 51
+4 51
+12 3
+2 3
+1 3 3 2
+26 3
+1 3 3
+3 3
+1 3
+1 3 3
+5 3
+2 3
+1 3
+1 3
+1 3
+2 3
+1 3
+1 3
+1 3
+2 3
+1 3
+2 3 3 2
+22 3
+2 3 3 1
+2 2
+7 2

fl=(30) /build/glibc-GKVZIf/glibc-2.23/elf/dl-debug.c
fn=(92) _dl_debug_state
74 2

fn=(88) _dl_debug_initialize
50 10 5 5
+5 8 4 3
+5 2
-1 1
+1 2
+1 2
-1 1
+4 1
-13 5
+4 10 5 4
+4 1
-1 1
-58 5 1 1

fl=(18)
fn=(46)
61 22
+2 22
+2 22 22 6
+3 20
+1 20 20 13
+2 5
+1 5
+2 5
+1 5
+5 5
+1 5 5 3
-1 15
+1 15 15 8
+2 7
+1 7
+2 7
+1 14
+5 7
+1 7 7 4
-1 13
+1 13 13 11
+2 3
+1 3
+2 3
+1 3
+5 3
+1 3 3
-1 17
+1 17 17 7
+2 14
+1 14
+2 14
+1 14
+5 14
+1 14 14 9
-1 6
+1 15 6 2
+5 9
+1 9
+1 9
+1 9
+2 9
+2 9
+1 9
+2 9 9
+8 20
+8 9
+6 9
+2 9
+1 9 9 6
+3 3
+1 9
+5 3
+1 3
+2 3
+2 3
+1 3
+2 3 3 2
-8 7
+1 7
+2 7
+2 7
+1 7
+2 13 7 5
+9 3
+1 3 3
-1 6
+1 6 6
+3 9
+1 9
+1 9 9 2
+5 7
+2 7
+1 7
+1 7
+1 7
+2 7
+1 7
+1 7
+1 7
+2 7
+1 7
+2 7 7 4
+22 9
+6 9
+1 9 9 8
+2 2

fl=(143)
fn=(606)
130 8
+17 1
+3 15 2 1
+3 2 0 0 1 1
cfi=(2)
cfn=(50)
calls=1 688 
* 2
+2 1
+3 2 1
+2 6 1
+8 1
-3 1
+3 8
+7 10 5
+2 10 5
+2 5
+1 5
+5 5
-6 5
-6 5
+8 5
-8 11 5 5
+14 9 2
+1 2 1 1
+4 1
31 1
+2 1
192 1
33 1 1 1
+6 1
-1 1
+2 1
-2 2
+1 8
+1 1
cfi=(27) /build/glibc-GKVZIf/glibc-2.23/string/../sysdeps/x86_64/multiarch/../memset.S
cfn=(74) memset
calls=1 +13 
* 15 3 3
* 1
+77 20 4 3
+3 24
cfi=(27)
cfn=(74)
calls=3 -67 
* 54 14 7
* 8
-76 12
+1 12
+4 16 8 2
+6 8
+1 8 4 1
+2 30
+1 15 6 2
+2 30 10 3
+1 21 7 6
201 3 0 0 1 1
cfi=(2)
cfn=(52)
calls=1 694 
* 2
+5 3 1
81 4
208 1
+2 3 1
-2 4
+2 12 4
+3 10
+3 15 5 4
+4 6 3
+9 3
+3 3
-3 3
+3 6
+2 12 3
+1 6 0 0 3 3
cob=(4)
cfi=(59)
cfn=(642)
calls=1 0 
* 84 13 4 1 1
cob=(5)
cfi=(65)
cfn=(620) 0x0000000000000610
calls=1 0 
* 84 13 5 1 1
cob=(6)
cfi=(75)
cfn=(608) 0x0000000000400f80
calls=1 0 
* 16 2 1
-1 12 3
+5 6 3
+1 9 0 0 3 3
cob=(2)
cfi=(16)
cfn=(658) 0x0000000004ca0d0c
calls=1 0 
* 3
cob=(2)
cfi=(16)
cfn=(640) 0x0000000004a287b8
calls=1 0 
* 3
cob=(2)
cfi=(16)
cfn=(618) 0x0000000000402c04
calls=1 0 
* 3
+6 30 10 1
+16 10
-56 13 5 4
+11 6 2 1
92 18 6 2
+21 6
-57 15 6 3
268 4 1
+2 1
-2 2 1
+6 2 1
+7 8

fl=(14) /build/glibc-GKVZIf/glibc-2.23/string/../sysdeps/x86_64/multiarch/../memcmp.S
fn=(30) bcmp
24 19
+1 19 19
+1 19
+1 19 19 2
+1 19
+1 19
+1 19
+1 19 19
+3 19
+1 19 19 12
+1 6
+1 6
+1 6
+1 6 6
+1 6
+1 6
+1 6 6 1
+2 18
+1 18 18 6
+1 6
+1 6
+1 6
+1 6 6
+1 6
+1 6
+1 6 6
+2 18
+1 18 18 10
+1 6
+1 6
+1 6
+1 6 6 2
+1 2
+1 2
+1 2 2
+2 14
+1 14 14 6
+1 8
+1 8
+1 8
+1 8 8 4
+1 1
+1 1
+1 1 1 1
+2 6
+1 6
+1 6
+1 6
+1 6
+1 6
+1 6 6 3
+1 3
+1 3
+1 3
+1 3
+1 3
+7 3
+2 4
+4 12
+1 12 12 7
+1 3
+1 3
+1 3
+1 3
+1 3
+1 3
+1 3
+1 3
+1 3
+1 3
+1 3
+4 12
+1 12

fl=(31) /build/glibc-GKVZIf/glibc-2.23/elf/dl-tls.c
fn=(162) _dl_allocate_tls_storage
354 3
+2 1
+11 3
cfi=(17)
cfn=(44)
calls=1 52 
* 76 7 4
* 1 0 0 1
+1 2 1
+7 2
+4 1
-57 1
+57 296 288 10
-58 2
+1 2
cfi=(17)
cfn=(36)
calls=1 103 
* 38 4 2 2
* 1 0 0 1
+1 2 1
+3 1
+6 2
+64 5

fn=(228) _dl_allocate_tls_init
450 2 1
-1 7
+5 1
+6 3
-6 1
+6 1 1
-4 1
+16 1
-15 3
+20 6 1
+6 16 2 1
+3 1
+1 2 1
+6 3 1
+3 1
-2 2
+2 4
+1 1
+3 1
-1 3 1
+4 2 1
+1 4 1
+2 2 1
+9 6
cfi=(25)
cfn=(70)
calls=1 61 
* 23 7 5
* 4
cfi=(27)
cfn=(74)
calls=1 53 
* 30 3 1
* 2
-38 3 1 1
+52 2
+2 1
+1 8

fn=(146) _dl_next_tls_modid
49 1
+3 4 1
+48 1
+4 2

fn=(160) _dl_determine_tlsoffset
138 7
+6 3 1
+3 2 1
+36 3 1
+2 10 1
+3 1
-1 1
+5 2
-5 3
+3 3
+2 5 1
+16 3
+2 2
-2 2
+2 2 1 1
+10 1
-37 2
+25 1
-25 4 1
+40 4
+1 1
+51 1
+1 8

fn=(198) _dl_add_to_slotinfo
890 3
+9 1
-9 1
+6 2
+8 5 1
+41 1
+1 3
+1 4

fn=(90) _dl_count_modids
115 2 1
+1 2

fl=(42) /build/glibc-GKVZIf/glibc-2.23/elf/dl-cache.c
fn=(232) _dl_unload_cache
322 4 1 1
-1 1
+3 2
cfi=(38)
cfn=(234) munmap
calls=1 84 
* 5 1
+1 1
+2 2

fn=(140) _dl_load_cache_lookup
185 18
+8 4 2
+3 6 2 1
+45 4 1
+6 4 2
+9 2
+6 4
-6 8
+6 2
cfi=(24) /build/glibc-GKVZIf/glibc-2.23/io/../sysdeps/unix/syscall-template.S
cfn=(68) access
calls=2 84 
* 18 2 2
+19 2
-19 2
+19 288 28
cfn=(144) _dl_cache_libcmp
calls=18 138 
* 1284 358 44
* 84 42 15
-15 8
+15 32 6 2
cfn=(144)
calls=1 138 
* 71 20 2
* 10
cfn=(144)
calls=2 138 
* 215 59 8
* 16 5 3
-82 4
cfi=(34)
cfn=(142) _dl_sysdep_read_whole_file
calls=1 45 
* 94 10 3
+8 1
-8 1
+8 4 2
+1 4
cfi=(14)
cfn=(30)
calls=1 24 
* 38 13 3
* 2 1
+7 1
-3 1
+3 3
+3 1
+1 2
-1 1
+1 1 1
+1 4
cfi=(14)
cfn=(30)
calls=1 24 
* 32 10 5
* 2 1 1
+61 42 12 4
+16 4 2
+4 4 2
+8 6
cfi=(11)
cfn=(22)
calls=2 66 
* 68 6 2
* 4
+1 2
-1 8
+1 4
cfi=(18)
cfn=(46)
calls=2 61 
* 130 25 7
+1 4
cfi=(29) /build/glibc-GKVZIf/glibc-2.23/string/strdup.c
cfn=(82) strdup
calls=2 40 
* 218 26 8 4
+1 16
-31 18 2 2

fn=(144)
138 63
+1 48 24 2
+2 214
+2 107
-2 107 107 20
+2 6 3
+6 3
+2 3
-1 3
-1 3
+1 3
+1 12 3 2
+2 15 3 2
+2 6 3 2
+6 208 104
+2 380 104 18
+4 86
+1 86
-29 172 86 8
+32 9
-7 36

fl=(22) /build/glibc-GKVZIf/glibc-2.23/elf/dl-load.c
fn=(104) _dl_map_object
2167 42
+8 6
-8 12
+8 6 6
+1 24 6
+3 93 21 6
+5 126 18
+2 54
cfi=(34)
cfn=(106)
calls=18 288 
* 2301 283 102 32 10
* 36 18 3
+4 30 15
+1 45 15 10
+3 6
+2 24
cfi=(19)
cfn=(54)
calls=6 144 
* 190 24 8 2 1
* 12 6 4
2478 48
2213 15 3 3
+9 3
-53 3
+53 6 3
+36 6
-2 3
+2 3
cfi=(28) /build/glibc-GKVZIf/glibc-2.23/string/../sysdeps/x86_64/multiarch/../strchr.S
cfn=(76) index
calls=3 24 
* 69 6
* 6 3 2
2409 2 1
372 3
cfi=(28)
cfn=(76)
calls=1 24 
* 47 3 2
* 2 1
+4 2
cfi=(29)
cfn=(82)
calls=1 40 
* 128 19 9 2
2410 1
-3 1
+3 2 1
+4 9
cfn=(108) open_verify.constprop.7
calls=1 1695 
* 299 65 19
+3 1
-3 1
+3 3 1
+12 3
+46 1
+1 3
-1 1
+1 9
cfn=(114) _dl_map_object_from_fd
calls=1 871 
* 1444 255 86 7
-1 2
+1 6
-1 2
+1 18
cfn=(114)
calls=2 871 
* 3209 552 156 14
* 12
2262 4
cfi=(11)
cfn=(22)
calls=2 66 
* 32 4
* 2
+2 2
-2 2
+2 2 2
+7 8 4 2
+35 4 2
+1 28 2
cfn=(136) open_path
calls=2 2018 
* 3090 508 117
+6 4
-6 2
+6 6 4
638 2
2314 2
638 4 2 2
2401 4 2 1
+28 6
+2 8 2
2275 2
+5 2
-5 2
+5 2 2
+3 4
-3 2
+3 14
-3 6 2 2
638 2
2281 2
638 4 2 2
2336 2
-14 2
+14 2 2
+2 6 2
+4 4
cfi=(42)
cfn=(140)
calls=2 185 
* 2806 640 112 4
+2 2
-2 2
+2 2 2
+4 4 2
+8 6 2
+23 20
cfn=(108)
calls=2 1695 
* 720 168 40
+4 2
-4 2
+4 6 2
+1 4
-89 6 2
+1 16 4
638 2
2297 2
638 4 2 2

fn=(64) _dl_init_paths
661 1
+13 2
-13 8
+13 3
cfi=(23) /build/glibc-GKVZIf/glibc-2.23/elf/dl-hwcaps.c
cfn=(66) _dl_important_hwcaps
calls=1 39 
* 398 61 32 2
+5 1
-5 1
+5 1
cfi=(17)
cfn=(40)
calls=1 94 
* 29 3 1 1
* 1 0 0 1
+1 1
-2 1
+2 2 1
+8 1
-1 1
+1 2
-1 1
+1 1
-1 3
+5 1
-5 1
+5 1
cfi=(17)
cfn=(40)
calls=1 94 
* 80 7 3 1
* 1 0 0 1
+2 1
-3 1
+3 1 1
+17 1
+12 1
-9 2
+6 1
-19 1
+10 1
+12 1
-11 1
+2 1
+1 4
-15 1
+23 4
-3 21 1
cfi=(27)
cfn=(74)
calls=4 53 
* 60 12 6
* 4
+3 27 4 1
-14 3
+2 3
+1 3
+2 6
-3 3
+4 9
+4 3
-3 3
+3 3 3
+1 3
-4 9
+4 3 3 3
+10 1
+4 1
-11 1
+6 1
+6 1
-12 1
+12 1 1
+2 4 1
+2 3 1 1
+38 5 2
+8 3
cfi=(28)
cfn=(76)
calls=1 24 
* 47 3 2
* 2 1
+2 2
cfi=(11)
cfn=(22)
calls=1 66 
* 34 3 1
* 8
cfi=(18)
cfn=(46)
calls=1 61 
* 47 11 7
* 1
+4 6
+17 1
-4 4 1 1
-13 160
+17 40
-4 161 40 8
+8 1
cfi=(17)
cfn=(40)
calls=1 94 
* 29 3 1 1
* 1 0 0 1
+1 1
-2 1
+2 1 1
+6 9
cfn=(78) fillin_rpath
calls=1 433 
* 1783 387 86 15 1
+4 5 1
+6 1
+4 8
-75 1
-2 1
+2 2 1 1
+14 2

fn=(114)
871 33
+10 3
-10 3
+10 3
-10 9
+10 3
cfi=(30)
cfn=(88)
calls=3 50 
* 24 9 8
fi=(35) /build/glibc-GKVZIf/glibc-2.23/elf/../sysdeps/posix/dl-fileid.h
37 9
fe=(22)
881 3
fi=(35)
37 3
cfi=(36) /build/glibc-GKVZIf/glibc-2.23/io/../sysdeps/unix/sysv/linux/wordsize-64/fxstat.c
cfn=(120) _fxstat
calls=3 -3 
* 30 6
* 6 3
+4 3
fe=(22)
897 3
fi=(35)
40 3
+1 3
fe=(22)
897 48 12 5
+1 18 9
fi=(35)
49 24 12 7
fe=(22)
1443 24
915 6 3
+24 6 3
+10 6 3 2
+22 12 3
+32 6 3
882 3
1006 21
cfi=(15)
cfn=(32)
calls=3 61 
* 1225 177 74 15
+1 3
-1 3
+1 3 3
+11 6
+1 3
-1 3
+2 3
-1 3
+4 3
-1 6
-2 3
+2 6
+1 9 3
+1 3
+19 3
-2 3
+10 3
-8 18
+8 3
-8 9
+8 3 3
+87 3
+8 3
-8 12
+8 3
-8 9
-86 45 21 5
-1 192 24 2
+1 135 67 24
+6 6
+1 9
+1 3
+9 30 6
+5 48 6
+9 18
-1 18
+1 6
+1 12
+2 6
-2 6
+1 6
-1 6
+3 6
+4 6
-7 6
+2 6
+1 6
+4 6 6 3
+1 18
+4 9
-14 3
+14 18
+11 3
-11 9
-14 3
+14 18
+11 3
-44 2
+1 1
+46 3 1
+4 1
+1 1
+1 1
-1 2
+1 1 1
+3 3
+1 1
+3 1
-3 1
+7 4 1
+6 1
cfi=(31)
cfn=(146)
calls=1 49 
* 8 1
* 2
+1 1
+59 6
+1 9
+1 3
-6 6
+1 3
+8 9 3
1019 3
1207 3
1019 3
1207 3 3
+10 9
fi=(37) /build/glibc-GKVZIf/glibc-2.23/elf/./dl-map-segments.h
56 6
fe=(22)
1217 9
fi=(37)
56 3
fe=(22)
1217 3
fi=(37)
56 3
fe=(22)
1217 6
fi=(37)
56 18
cfi=(26)
cfn=(72)
calls=3 -23 
* 105 12 4
+4 3
-4 3
+4 6 3
+3 6
+1 3
+2 3
-2 3
-1 3
+3 3 3 2
+10 6
fi=(39) /build/glibc-GKVZIf/glibc-2.23/elf/./dl-load.h
+14 12 6 2
+1 9
+2 12 6 3
fi=(37)
+7 24 6 3
+6 3
+2 3
-2 3
+1 3
+2 3
-1 3
+1 3
-1 9
+8 6 3 2
+17 6 3 1
+12 6
-59 30 6 3
+2 6
+2 3
-2 6 3
+2 30
cfi=(26)
cfn=(72)
calls=3 -57 
* 93 6
* 9 3 2
fe=(22)
1229 12 3 1
+9 6
fi=(3) /build/glibc-GKVZIf/glibc-2.23/elf/get-dynamic-info.h
39 3
fe=(22)
1238 3
fi=(3)
39 3 3
+6 3
-2 3
+2 6 3
+15 3
+5 3
+3 3
-1 3
-3 3
-3 62
+10 14
-26 42 14 3
+16 57
+10 57
-26 171 57
+26 3
-26 9 3
+2 148 74 28
+13 68 17 7
+2 12 3 2
+3 12 3 2
+13 6 3
+20 11 3 1
+1 12 3
+1 12 3
+1 12 3
+2 12 3
+5 12 3
+1 11 3 1
+1 12 3
+6 9 3
+5 6 3
+7 6 3 1
+1 9 3
+16 9 3 1
+5 2
+2 2
-2 2
+2 2 2 2
+2 4 2 2
+2 4 2
+3 9 3 2
+10 1
-8 4
+8 1 1
+5 2 1
+3 6 3 3
fe=(22)
1245 6 3 3
+15 9 3
+19 6
+2 15 3
+54 9 3 2
+1 2
+3 2
cfi=(24)
cfn=(130) close
calls=1 84 
* 5 1
* 4
cfi=(24)
cfn=(130)
calls=2 84 
* 10 2
* 6 3
+9 6 3
+2 9
+2 3
-2 3
+2 3 3
+16 6
cfi=(6)
cfn=(10)
calls=3 956 
* 69 6
+4 6 3
+1 6 3 2
+17 6 3 1
+9 3
-5 9
+5 3 3
+10 6 3
+10 9
cfi=(15)
cfn=(48)
calls=3 32 
* 129 12 9 6
+4 12 3 3
fi=(3)
68 12 3
+2 15
fe=(22)
1391 2
fi=(37)
119 6 3
+8 24
cfi=(27)
cfn=(74)
calls=3 -74 
* 298 43 13
* 12
-54 12
-1 18
cfi=(38)
cfn=(124)
calls=3 +12 
* 15 3
* 3
fi=(39)
+22 10 2
+1 22 2
+3 8
fi=(37)
+39 9
cfi=(26)
cfn=(72)
calls=1 33 
* 31 2
+3 3 1 1
fe=(22)
1233 4

fn=(78)
433 8
+2 1
-2 9
+5 1
cfi=(17)
cfn=(80)
calls=1 -84 
* 418 129 14
* 4 1
-66 3
cfi=(28)
cfn=(76)
calls=1 24 
* 47 3 2
* 6
cfi=(28)
cfn=(76)
calls=2 24 
* 46 4
* 6 3
+4 6
cfi=(29)
cfn=(82)
calls=3 40 
* 288 38 11 6
* 3
+68 6
cfi=(11)
cfn=(22)
calls=3 66 
* 66 7 1
+4 3
-4 3
+4 3 3 2
+15 3 1
-12 1
+19 54 18 6
+1 34 15 12
cfi=(14)
cfn=(30)
calls=1 24 
* 43 12 3
* 2 1 1
+55 6
+2 6
cob=(2)
cfi=(16)
cfn=(84) 0x0000000004000ab0
calls=3 0 
* 21 3 0 3 1
* 6
-90 3
cfi=(17)
cfn=(80)
calls=3 -84 
* 262 79 7
* 9 3 2
+94 1
+3 9
-46 6 3 2
+4 6
-1 12
cfi=(17)
cfn=(40)
calls=3 94 
* 87 9 2 3
* 3 0 0 3
+3 3
-3 3
+3 6 3
+5 3
+1 6
-2 3
+2 3
cfi=(25)
cfn=(70)
calls=3 61 
* 77 19 9
+3 3
-3 3
+1 3
+2 3 3 3
+6 6
+1 3
-1 6
+1 39 6
+1 33 12 3
-1 6 3 2
+3 6
+1 9 3 2
+7 3
+1 3
-1 6
-67 12 4
+8 2
-3 6
+3 4 2 2
+26 6
-34 4
+65 6
-9 6

fn=(136)
2018 16
+1 2
+6 2
-6 2
+6 2 2
+5 18
+52 2
-59 2
-1 2
+60 2
-52 16
+74 8
-62 2
-9 2
+9 6 2
-9 4
+9 4 4
+7 24
cfi=(25)
cfn=(70)
calls=6 61 
* 154 38 12
+1 6
-1 6
+1 30 6
+20 16 8 2
-20 100 24 7
+3 48 24 6
+5 36
-1 18
+1 36
-1 54
cfi=(25)
cfn=(70)
calls=18 61 
* 368 108 43
* 72
cfi=(25)
cfn=(70)
calls=18 61 
* 414 108 20
-1 18
+7 18
-7 18
+7 18 18
+3 162
cfn=(108)
calls=18 1695 
* 792 72 6
* 18
+2 90 18 8
+26 40
+2 20 10 2
+39 42 18 1
+7 6
-2 6
+2 18 6 4
+3 6 2
+14 2
-27 2
+27 14
-84 16 8
+1 72 8
+6 8
+2 8
-2 8
+2 16
-2 8
+2 8
cfi=(41) /build/glibc-GKVZIf/glibc-2.23/io/../sysdeps/unix/sysv/linux/wordsize-64/xstat.c
cfn=(138) _xstat
calls=8 34 
* 98 16 4
* 16 8 2
+1 2
+2 2
-2 2
+2 14
+7 6
-7 6
+7 18
-30 6
+23 12

fn=(108)
1695 231
+39 21
-39 63
+39 82 41 5
+31 84
cfi=(24)
cfn=(110) open
calls=21 84 
* 177 21 2
+2 21
-2 21
+2 24 21 2
+10 3
+1 6
+5 24
cfi=(24)
cfn=(112) read
calls=3 84 
* 15 3
+2 6 3
+2 3
+2 3
-2 6
+2 3 3
+6 6 3
+16 12
cfi=(14)
cfn=(30)
calls=3 24 
* 90 27 9
* 27 6 2
cfi=(14)
cfn=(30)
calls=3 24 
* 108 36 2
* 6 3
+74 6 3
+5 6 3
+2 12 3
+6 6 3
+11 6 3
+6 3
+1 3
-1 12
+1 3
-1 3
+1 6 3
+1 9
+20 135 18 1
+2 49 23 12
+4 12 3
+1 9
+12 21
+4 9 3 1
+5 2
+1 2
-13 8
cfi=(14)
cfn=(30)
calls=2 24 
* 50 16 9
* 12
cfi=(14)
cfn=(30)
calls=3 24 
* 90 24 8
* 10 5 2
+16 4 2
+3 14
+3 6 2
+1 10 4
-39 3
+67 42
-23 18
+23 126
1804 2
+7 8
cfi=(14)
cfn=(30)
calls=2 24 
* 48 18 8
* 4 2 2

fl=(23)
fn=(66)
39 6
+3 1
-3 2
+3 1
-1 1
+1 1
+9 1
-12 4
+12 2 1 1
+10 4 1 1
162 2 1 1
-47 3
cfi=(24)
cfn=(68)
calls=1 -31 
* 9 1 1
* 2 1 1
+55 3 1
+2 2
+1 5
+4 2
+4 1
-4 1
+1 1
+3 1 1
+3 1
+1 1
-1 1 1
+4 3
+1 1
-1 9
+1 1 1 1
+18 10
+1 2
-1 1
+1 3
cfi=(17)
cfn=(40)
calls=1 94 
* 29 3 1 1
* 1 0 0 1
+1 1
-1 1
+1 5 1
+29 1
+3 1
-3 2
+3 1 1 1
+23 7
+6 2
-1 2 1 1
+1 6
-1 8 3 2
+5 6
+3 1
-3 1
+3 1 1
-3 3
+3 1
-3 1
+3 5 1
+1 12 4 1
+1 4
-1 4
+1 8
-2 4
+1 8 4 1
-1 14 4 2
+4 4 2 1
+4 1
-1 1
+2 1
-2 1
+1 1
+1 1
-2 1
+2 10 1 1
+13 2
+1 1
-1 1
+3 2 1 1
-3 2
+1 1
-1 1
+3 2 1
+3 4
+3 1
-1 1
+1 9
113 1
+17 1
+1 1
-1 9
243 6
cfi=(25)
cfn=(70)
calls=1 61 
* 22 6 3
* 4
cfi=(25)
cfn=(70)
calls=1 61 
* 18 6 4
+1 4
cfi=(25)
cfn=(70)
calls=1 61 
* 22 6 3
* 4
cfi=(25)
cfn=(70)
calls=1 61 
* 18 6 4
* 12

fl=(34)
fn=(142)
45 2
+7 1
-7 3
+7 1
-7 3
+7 1
cfi=(24)
cfn=(110)
calls=1 +32 
* 5 1
+1 2 1
+2 5
cfi=(36)
cfn=(120)
calls=1 -21 
* 10 2
* 2 1
+2 1
+3 1
-3 1
+3 1 1 1
+13 2
cfi=(24)
cfn=(130)
calls=1 +11 
* 5 1
+3 7
-14 6
cfi=(26)
cfn=(72)
calls=1 -29 
* 33 3 2
* 2

fn=(106)
288 520
+1 208
cfi=(19)
cfn=(54)
calls=104 144 
* 4356 487 125 80 24
* 104
+1 104
-1 104 104
+3 104
+2 208 104 15
+4 104
-4 208 104 23
+1 336
cfi=(19)
cfn=(54)
calls=112 144 
* 4585 528 75 72 6
* 224 112 20
-5 8
+11 136
-1 96
+1 384

fl=(9)
fn=(60) _dl_discover_osversion
45 7
+2 3 1 1
+85 8
-45 3
cfi=(21) /build/glibc-GKVZIf/glibc-2.23/posix/../sysdeps/unix/syscall-template.S
cfn=(62) uname
calls=1 -3 
* 5 1
* 1
+15 1
-15 1 1
+20 1
-1 1
+3 12 3
+4 3
-2 6
+2 9 3 3
+7 3
-1 3
+4 3
-2 3
+2 10 5 3
+5 2 1 1

fl=(19)
fn=(54)
144 354
+1 354
+2 354
+1 354
+21 354
+1 354 354 98
+1 243
+1 243 243 28
+1 189
+1 189
+1 189
+1 189
+21 189
+1 189
+1 189
+1 189
+1 189
+1 189
+1 189 189 40
+5 7
+1 7
+9 7
+1 7
+1 7
+1 7
+1 7
+1 7
+1 7
+1 7 7 3
-7 165
+1 165
+1 165
+1 165
+1 165
+1 165
+1 165
+1 165 165 3
+1 168 168 31
+1 134
+1 134
+1 134
+2 134
+1 134
+1 134
+1 134
+1 134
+1 134 0 0 134 28
-5 34
+1 34
+1 34
+1 34
+1 34
+1 34 0 0 34 15
+10 4
+1 4
+1 4
+2 4
+6 4
+1 4
+1 4
+1 4
+1 4
+5 4 4 2
+2 2
+1 2
+1 4
+8 2
+1 2
+3 2
+1 2
+1 2
+1 2
+1 2
+1 2 2 1
1071 4
+1 4
+1 4
+1 4
+1 4
+2 4
+1 4
+1 4
+1 4
+1 4
+1 4
+1 4 4 1
+1 4
+4 4
+1 4
+1 4
+6 4
+1 4
+1 8
+4 4
+1 4 4
+3 4
+1 4
+1 4
+3 4
+1 4
+1 4
+6 4
+1 4
+1 4
+1 4
+1 4
+1 4 4 4
+72 4
+1 4
+1 4
+1 4
+1 4
+2 4
+1 4
+1 4
+1 4
+1 4
+1 4
+1 4 4 4
1321 31
+1 31
+1 31
+1 31
+1 31
+2 31
+1 31
+1 31
+1 31
+1 31
+1 31
+1 31 31 10
1446 14
+1 14
+1 14
+1 14
+1 14
+2 14
+1 14
+1 14
+1 14
+1 14
+1 14
+1 14 14 9
+1 1
+4 1
+1 1
+1 1
+6 1
+1 1
+1 2
+4 1
+1 1 1
+3 1
+1 1
+1 1
+3 1
+1 1
+1 1
+6 1
+1 1
+1 1
+1 1
+1 1
+1 1 1 1
+72 1
+1 1
+1 1
+1 1
+1 1
+2 1
+1 1
+1 1
+1 1
+1 1
+1 1
+1 1 1 1
1696 15
+1 15
+1 15
+1 15
+1 15
+2 15
+1 15
+1 15
+1 15
+1 15
+1 15
+1 15 15 7
1821 9
+1 9
+1 9
+1 9
+1 9
+2 9
+1 9
+1 9
+1 9
+1 9
+1 9
+1 9 9 4
+1 7
+4 7
+1 7
+1 7
+6 7
+1 7
+1 14
+4 7
+1 7 7
+3 7
+1 7
+1 7
+3 7
+1 7
+1 7
+6 7
+1 7
+1 7
+1 7
+1 7
+1 7 7 7
+72 4
+1 4
+1 4
+1 4
+1 4
+2 4
+1 4
+1 4
+1 4
+1 4
+1 4
+1 4 4
+1 3
+4 3
+1 3
+1 3
+6 3
+1 3
+1 6
+4 3
+1 3 3
+3 3
+1 3
+1 3
+3 3
+1 3
+1 3
+6 3
+1 3
+1 3
+1 3
+1 3
+1 3 3 2
+72 86
+1 86
+1 86
+1 86
+1 86
+2 86
+1 86
+1 86
+1 86
+1 86
+1 86
+1 86 86 12
2200 17
+2 17
+1 17
+1 17
+1 17 17 6
-3 155
+1 155
+1 155
+1 155 155 14
+1 402
+5 134
+6 134
+1 134
+8 134
+1 134
-16 220
+6 220
+1 220
+8 220
+1 220

fl=(38)
fn=(124)
84 32 8
+1 8

fn=(234)
84 4 1
+1 1

fl=(29)
fn=(82)
40 24
+1 6
cfi=(11)
cfn=(22)
calls=6 +25 
* 168 16 3
* 6
+1 12
cfi=(17)
cfn=(40)
calls=6 +52 
* 174 18 6 6
* 6 0 0 6
+2 12 6
+4 6
-1 12
+1 12
-1 12
cfi=(18)
cfn=(46)
calls=6 +14 
* 184 43 19

fl=(36)
fn=(120)
34 4
-1 4
+1 4 4
+1 24 4
+4 4

fl=(28)
fn=(76)
24 13
+1 13
+1 13
+1 13
+1 13
+1 13
+1 13
+1 13 13
+1 13
+1 13
+1 13
+1 13
+1 13
+1 13
+1 13
+1 13
+1 13 13 5
+1 8
+4 8
+1 8
+1 8
+1 8
+2 8
+4 5
+1 5
+1 5
+1 5
+1 5
+1 5
+1 5
+1 5
+1 5
+1 5
+1 5
+1 5
+1 5
+1 5
+1 5
+1 5
+1 5
+1 5
+1 5
+1 5
+1 5
+1 5
+1 5
+1 5 5 5
+52 5
+4 5
+1 5
+1 5
+1 5
+2 5

fl=(24)
fn=(112)
84 12 3
+1 3

fn=(110)
84 88 22 2
+1 4
+1 90

fn=(130)
84 16 4
+1 4

fn=(68)
84 16 4 4
+2 20

fl=(26)
fn=(72)
33 11
-1 110
+1 27 11 6
+1 110 11 1
+2 77
-3 26 10 6

fl=(10)
fn=(18)
31 7 1
+8 1
-6 2 1
+7 1

fl=(21)
fn=(62)
84 4 1
+1 1

fl=(12)
fn=(24)
34 4
+8 6 2
+4 2 1 1
+16 5

fl=(13) /build/glibc-GKVZIf/glibc-2.23/elf/dl-environ.c
fn=(28) _dl_next_ld_env_entry
30 3
+3 10 3 2
+13 49
-13 147 49
+2 102 51 16
+1 20 10 6
+5 2
-3 2
+3 2
+2 2
-12 1
+19 1

fl=(33) /build/glibc-GKVZIf/glibc-2.23/setjmp/../sysdeps/x86_64/setjmp.S
fn=(100) __sigsetjmp
26 6
+9 6
+1 12
+1 6
+4 6
+1 6
+1 6
+1 6
+1 6
+2 12
+2 6
+1 6
+1 6
+2 12
+2 6
+4 6
+1 6

fl=(76)
fn=(298) _dl_runtime_resolve_avx
64 1
+3 1
+2 1
+2 1
+3 1
+1 1
+1 1
+1 1
+1 1
+1 1
+1 1
+1 1
+1 1
+1 1
+1 1
+1 1
+1 1
+1 1
+1 1
+5 1
+1 1
+1 1
+1 1
+14 1
+1 1
+1 1
cfi=(77)
cfn=(300)
calls=1 -46 
* 1124 151 17 6 1
+1 1
+5 1
+1 1
+1 1
+1 1
+13 1
+1 1
+1 1
+1 1
+1 1
+1 1
+1 1
+1 1
+1 1
+1 1
+1 1
+1 1
+1 1
+1 1
+1 1
+2 1
+2 1
+4 1
+3 1 0 0 1 1
cob=(3)
cfi=(78)
cfn=(304)
calls=1 -25 
* 146549198169 2348558171 6012572 702037 112866

fn=(299)
64 11
+3 11
+2 11
+2 11
+3 11
+1 11
+1 11
+1 11
+1 11
+1 11
+1 11
+1 11
+1 11
+1 11
+1 11
+1 11
+1 11
+1 11
+1 11
+5 11
+1 11
+1 11
+1 11
+14 11
+1 11
+1 11
cfi=(77)
cfn=(300)
calls=11 -46 
* 12079 1626 135 74 15
+1 11
+5 11
+1 11
+1 11
+1 11
+13 11
+1 11
+1 11
+1 11
+1 11
+1 11
+1 11
+1 11
+1 11
+1 11
+1 11
+1 11
+1 11
+1 11
+1 11
+2 11
+2 11
+4 11
+3 11 0 0 11 11
cob=(3)
cfi=(85)
cfn=(480)
calls=1 2935 
* 56 10 1
cob=(3)
cfi=(138)
cfn=(586)
calls=1 26 
* 9230 1534 174 26 5
cob=(3)
cfi=(124)
cfn=(530)
calls=1 26 
* 1135 198 50 15 4
cob=(3)
cfi=(123)
cfn=(524)
calls=1 -75 
* 5 1
cob=(3)
cfi=(51)
cfn=(512)
calls=1 29 
* 5 1
cob=(3)
cfi=(122)
cfn=(506)
calls=1 53 
* 72 9 7
cob=(3)
cfi=(85)
cfn=(344)
calls=1 2903 
* 280 43 26
cob=(3)
cfi=(117)
cfn=(468)
calls=1 39 
* 599 113 56 4 3
cob=(3)
cfi=(98)
cfn=(400)
calls=1 26 
* 1153 207 92 8 7
cfi=(89) /build/glibc-GKVZIf/glibc-2.23/elf/dl-open.c
cfn=(360) _dl_find_dso_for_object
calls=1 +23 
* 39 15 7
cob=(3)
cfi=(84)
cfn=(338)
calls=1 -62 
* 59625 13441 2096 13 11

fl=(40) /build/glibc-GKVZIf/glibc-2.23/elf/dl-deps.c
fn=(132) _dl_map_object_deps
161 1
-1 1
+1 1
-1 4
+1 1
-1 2
+1 1
-1 2
+1 1
-1 2
+1 3
-15 1
+15 1
-17 1
+1 1
+1 1
+6 4
+26 1
-26 1
+26 7 1
-34 1
+2 1
+33 2
-33 1
-2 1
+2 2
-2 1
+1 1
+1 1
+6 3
+26 1
-26 1
+26 5 1
+4 1
+21 1
+1 1
-22 2
+19 1
-12 1
+15 1
-16 2
+13 1
317 9
217 1
-4 1
-4 1
+8 5 1 1
-4 4
-4 4
+8 4 4 4
+12 10 5 2
+2 3
+11 3
-5 3
-6 6
+5 3
+2 6
+1 6
+3 21 3
+50 15 5 2
+1 9
-51 312 78 3
+1 156 78 8
+6 25
cfi=(28)
cfn=(76)
calls=5 24 
* 163 12 4
* 10 5
+5 25
-3 5
+3 5
cfi=(32) /build/glibc-GKVZIf/glibc-2.23/elf/dl-error.c
cfn=(96) _dl_catch_error
calls=5 -91 
* 13293 2295 544 58 11
+2 15 5
+15 5
+2 10 5 2
+5 3
+6 3
+2 3
-8 6
+3 3
+1 3
+1 3
+1 3
+4 18
+7 219 73 5
459 15 5 2
+2 9
+2 9
cfi=(17)
cfn=(40)
calls=3 94 
* 87 9 2 3
* 3 0 0 3
+2 3
-2 3
+2 3 3
+4 12
-1 3
+1 3
cfi=(18)
cfn=(46)
calls=3 61 
* 68 20 8
+1 15
cfi=(18)
cfn=(46)
calls=3 61 
* 68 20 11
+4 3
-1 3
+5 28 5 5
+7 6 2
+1 1
+3 5 1 1
+10 4
cfi=(17)
cfn=(40)
calls=1 94 
* 29 3 1 1
* 1 0 0 1
+3 1
-3 1
+3 1 1
+5 6
+1 1
-1 3 1
+1 2
+8 2
+4 3
-4 1
-6 3 1 1
-2 4
+8 8
+4 12
-4 4
-6 12 4 3
+13 3 1
+51 3 1
+2 3 1 1
+42 1
-4 1
+5 2
-1 4
+1 2
cfi=(27)
cfn=(74)
calls=1 53 
* 15 3 2
* 1
-2 9
+7 1
-1 1
+1 1
-1 2
+7 1
-7 1
+7 2 1
-13 3
+7 3
-1 3
+1 3
-1 6
+7 3
-7 3
+7 9 3 1
+2 12
+1 6 3 3
-1 12
+1 9 3
+2 30 10 3
+1 21 7 7
+28 27
cfi=(27)
cfn=(74)
calls=3 53 
* 54 14 8
* 15
-6 6
-28 12 6 3
+31 14 4 1
-6 2
+16 2
+2 1
+1 1
-1 1
+2 3 1 1
+7 3 1 1
+3 3 1
+3 8
481 12 4 4
-1 5
+1 11 5 4
202 2
+27 8 4
-19 4
+8 32 14 2
+2 3
+2 12 3 1
+2 30 2
338 8
611 8
cfi=(18)
cfn=(46)
calls=1 61 
* 42 11 7
+2 1
-38 1
+38 1 1 1
209 2

fn=(134) openaux
60 10
+7 5
-4 55
cfi=(22)
cfn=(104)
calls=5 2167 
* 12898 2290 544 48 10
* 5
+5 10

fl=(89)
fn=(360)
182 5 1
+1 4 1
+1 16 8 3
+1 2 1 1
+3 2 1
+4 1
-9 9 3 3

fl=(2)
fn=(50)
688 12

fn=(158) init_tls
573 1
+6 1
-6 1
+2 2
+4 1 1
+10 4
cfi=(17)
cfn=(36)
calls=1 103 
* 38 4 2 2
* 1 0 0 1
+11 1
-5 1
-7 1
+6 1
+2 1
-1 1
+5 1 1 1
+2 1
-1 1
+1 12 6 1
+2 10 5 4
+4 1
+2 1
-2 2
-5 10
+9 3 1 1
+3 1
cfi=(31)
cfn=(160)
calls=1 138 
* 71 7 1
+7 1
cfi=(31)
cfn=(162)
calls=1 354 
* 439 301 16 4
+1 1
-1 1
+1 1 1 1
+6 1
+3 1
-3 1
+3 6 1 1
+3 1
+2 1
+1 2

fn=(94) do_preload
654 4
+12 1
-12 2
+10 1
-4 1
+1 1
+5 4
-10 1
+6 1
+4 1
cfi=(32)
cfn=(96)
calls=1 163 
* 2434 402 146 15 3
+1 3 1 1
+10 3
+4 5

fn=(52)
694 12

fn=(26)
738 1
+19 1
-19 7
2353 1
738 3
+19 1
+3 1
-22 1
2348 1
760 1
+4 2
+1 2
+5 2
2346 2
+7 4
-4 1
+4 8
+2 2
cfi=(13)
cfn=(28)
calls=1 30 
* 54 18 7
* 4
cfi=(13)
cfn=(28)
calls=2 30 
* 287 95 17
* 9 3 1
+4 50 23 4
+1 19
-1 57 19 10
+3 4 2
+6 14 2 0 2 2
2514 3 1
+30 3 1 1
780 3 1 1
981 7
cfi=(15)
cfn=(32)
calls=1 61 
* 250 36 22 3 3
+2 1
-2 1
+2 1 1
+1 1
+1 1
+5 2
-5 1
+1 2
+4 1
cfi=(15)
cfn=(48)
calls=1 32 
* 33 1 0 2 2
+1 3 1
747 1
1020 1
-3 1
-5 1
+1 1
+2 1
+5 7 1
+56 5
-55 24 12 4
-1 27 9 1
+1 47 23 9
1123 5 1 1
+3 2 1 1
+2 2 1 1
+2 3 1
+13 3 1
+1 6
cfi=(19)
cfn=(54)
calls=1 144 
* 44 6 4 1 1
* 2 1
+7 1
+3 1
-5 1
+3 1
+2 1 1
+1 2
+4 2 1
+2 2 1
fi=(3)
30 1
+9 2 1
+6 1
-2 1
+2 2 1
+15 1
+5 1
+3 1
+2 1
-3 1
-3 1
-3 14
+10 3
-26 9 3 1
+16 20
+10 20
-26 60 20
+26 1
-26 3 1
+2 48 24 10
+13 16 4 3
+2 4 1 1
+16 3 1 1
+38 3 1
+5 2 1
+7 2 1
+1 3 1
+16 3 1 1
+14 3 1 1
+18 2 1 1
fe=(2)
1166 2
cfi=(6)
cfn=(10)
calls=1 956 
* 23 2
+3 2 1
fi=(20) /build/glibc-GKVZIf/glibc-2.23/elf/setup-vdso.h
24 2 1 1
fe=(2)
1191 1
cfi=(9)
cfn=(60)
calls=1 45 
* 85 15 8
* 8 3 1
-75 2
+1 2
+1 1
-6 2
+1 1
-88 3
+1 1
+50 2
-1 8
+2 4 2 1
+1 1
+3 2
+1 2 1
-1 2
+1 2 1
+1 2
+1 6 3 1
+1 2
-43 1
-2 2
+27 1
-25 2
+7 1
-10 1
+10 1 1 1
-19 3
+1 1
fi=(3)
65 4 1 1
+3 4 1
+2 4
fe=(2)
2442 4
cfi=(14)
cfn=(30)
calls=1 24 
* 31 11 4
* 2 1
+2 3
-55 4
cfi=(14)
cfn=(30)
calls=1 24 
* 18 6 1
* 2 1 1
+7 4
cfi=(14)
cfn=(30)
calls=1 24 
* 36 12 2
* 2 1
+2 3
1185 3
+11 2
cfi=(22)
cfn=(64)
calls=1 661 
* 3108 553 154 23 1
+3 3
cfi=(30)
cfn=(88)
calls=1 50 
* 17 3 2
+7 1
-7 1
+2 1
+5 1 1
+3 3
+1 1
+3 1
-3 3
+1 2
+3 1
+5 1
-7 1
+7 1 1
+1 5
+17 2 1
+1 2 1
+5 1
-3 4
+2 2
+1 3
+5 3 1
+1 5 1
+2 2
+1 2
+5 2 1 1
+5 1
753 1
1262 2 1
1439 1
cfi=(31)
cfn=(90)
calls=1 115 
* 4 1
* 1
+8 3 1
+3 1
+4 3 1 1
+5 1
+1 1
cfi=(30)
cfn=(92)
calls=1 74 
* 1
+1 1
+4 3 1
+15 3 1
+4 1
-2 1
+2 2 1 1
+31 3
cfi=(24)
cfn=(68)
calls=1 84 
* 9 1 1
* 2 1
+77 1
1481 1
1592 3 1 1
+17 3
+1 1
-1 1
+1 2
-1 1
+1 5
cfi=(40)
cfn=(132)
calls=1 161 
* 15426 2750 659 66 11
+1 1
+2 2
+3 1
-3 3
+3 1
-3 1
+3 3 1
+1 4
-1 2 1 1
+1 16
-1 8 4 3
+4 3
+1 3 1 1
+1 1
+2 2 1
+1 6 1
-1 6 1
+1 8 3 1
-1 6 2 2
-28 5
+1 1
-1 3
+4 3
+1 1
+1 2 1
+1 3 1 1
+34 1
+1 2
-1 1
+1 1 1
+2 1
+2 3 1 1
+2 1
-4 1
+5 1
-1 2 1 1
+14 2 1
+1 2
+1 3 1 1
+11 1
+2 1
-2 1
+2 2
-1 1
+1 1
-2 3
+2 1
cfi=(32)
cfn=(148) _dl_receive_error
calls=1 205 
* 5862 828 193 42 12
+10 1
+1 1
-1 1
+1 1 1
+1 1
cfn=(158)
calls=1 573 
* 625 328 28 7
* 1
+2 2 1
703 1
+2 3
fi=(148) /build/glibc-GKVZIf/glibc-2.23/elf/../sysdeps/unix/sysv/linux/dl-osinfo.h
77 1
fe=(2)
714 1
+7 1
-5 1
1692 3 1
1922 3 1 1
2092 4 2
+2 1
+5 3
cfi=(31)
cfn=(228)
calls=1 450 
* 147 22 8
+3 2 1 1
+9 3 1
+2 2 1
+15 1
+2 1
-2 2
+3 1
-3 1
+3 1
-3 1
+3 3
cfi=(44)
cfn=(164)
calls=1 149 
* 4284 639 73 8 3
+1 1
+2 6
+8 1
cfi=(7)
cfn=(230)
calls=1 256 
* 1
+4 3 1
+20 3
cfi=(30)
cfn=(88)
calls=1 50 
* 8 3 3
+1 1
-1 1
+2 1
cfi=(30)
cfn=(92)
calls=1 74 
* 1
+1 1
+4 1
cfi=(42)
cfn=(232)
calls=1 322 
* 15 2 1
+5 8
2043 3
+7 1
+2 3
+19 1
-19 4
+2 1
+2 15
+5 10
+2 10 5 1
+6 5
+2 10 5 1
+1 32
cfi=(44)
cfn=(164)
calls=4 149 
* 79352 13037 667 150 34
+4 17 6 4
-22 12 6 6
+25 1
+2 5
+6 1
-6 1
+6 1 1 1
-10 2
cfi=(31)
cfn=(198)
calls=1 890 
* 20 1
* 1
-12 1
+1 1
-3 2 1 1
-85 1
+11 1
-7 1
-4 1
+4 3
+4 2
+3 1 1 1
1491 2
cfi=(11)
cfn=(22)
calls=1 66 
* 34 3 1
* 8
cfi=(18)
cfn=(46)
calls=1 61 
* 94 18 12
* 1
+3 6
+3 3
cfi=(17)
cfn=(80)
calls=1 354 
* 766 238 4
* 3
cfi=(17)
cfn=(80)
calls=1 354 
* 6 2 1
* 6 2 1
+1 2 1
+1 3 1
+2 4
cfn=(94)
calls=1 654 
* 2462 403 147 15 3
* 2
1635 2
1503 1
+2 6

fn=(102) map_doit
480 1
+2 1
-2 1
+3 8
cfi=(22)
cfn=(104)
calls=1 2167 
* 2358 401 146 13 1
* 1
+2 2

fn=(98) _dl_initial_error_catch_tsd
648 14

fn=(2)
337 9
+18 4
fi=(5)
59 1
fe=(2)
355 1
fi=(3)
45 1
fi=(5)
+14 2
fe=(2)
381 1
fi=(3)
45 1
fe=(2)
378 1
fi=(3)
45 1 1
+25 2
-3 1
-7 1
+5 1
+3 1
+2 1
-3 1
-3 1
-3 2
-13 26
+23 13
-26 39 13
+26 1
-26 3 1
+2 36 18 8
+13 20 5 1
+1 16
+10 4
-26 12 4 3
+33 2 1
+20 4 1
+1 4 1
+1 4 1
+1 4 1
+2 4 1
+5 4 1
+1 4 1
+1 4 1
+6 3 1
+5 2 1
+7 3 1
+1 3 1
+8 3 1 1
+2 3 1 1
+3 2 1
+1 2 1
fe=(2)
392 2 1 1
286 1
399 1
286 1
cfi=(6)
cfn=(10)
calls=1 956 
* 23 2
+1 2
+1 2
+1 2
+1 2
+8 1
+9 1
-9 3
+9 1
-6 1
-3 1
+9 1
cfi=(7)
cfn=(12)
calls=1 86 
* 114977 19433 2147 338 87
* 1
+9 1
+3 4
+4 1
-4 1
+4 1 1
424 9
fi=(3)
62 4 1 1
+3 4 1 1
fe=(2)
397 26 3
fi=(4)
84 1
+27 1
-28 1
+28 2 1
+1 2
fi=(5)
517 2 1
fi=(4)
112 18
fi=(5)
517 18 9
+1 20
fi=(4)
111 20
fi=(5)
518 10
fi=(4)
111 10 10 6
+5 2 1
+8 1
fi=(5)
312 1
fi=(4)
124 2 1
+12 1
+1 3
fi=(5)
266 1
fi=(4)
137 1
fi=(5)
294 1
fi=(4)
137 2
fi=(5)
294 1 1
fi=(4)
136 5
+1 15
fi=(5)
266 5
fi=(4)
137 5
fi=(5)
294 5
fi=(4)
137 10
fi=(5)
294 5 5
+9 12 6
+3 6
-3 12
+3 18 6
+6 36 6 0 6 1
fi=(3)
68 4 1
+2 3
fi=(5)
425 12
fi=(4)
124 19 6 4
fe=(2)

fn=(150) version_check_doit
513 2
+2 4
cfi=(43) /build/glibc-GKVZIf/glibc-2.23/elf/dl-version.c
cfn=(152) _dl_check_all_versions
calls=1 380 
* 5822 827 193 40 10
* 2 1
+4 2

fl=(41)
fn=(138)
34 8
-1 8
+1 8 8
+1 48 8 4
+4 2
-4 24

fl=(27)
fn=(74)
53 16
+1 16
+1 16
+1 16
+1 16
+2 16
+1 16 16 5
+1 14
+1 14 14 13
+15 2
+1 2
+1 2
+1 2
+1 2
+1 2
+1 2
+1 2
+1 2
+1 2
+1 2
+1 2
+1 2
+1 4 2
+3 2
+1 2
+1 2
+1 2
+1 2
+1 2
+1 2 2 1
-6 34
+1 34
+1 34
+1 34
+1 34
+1 34
+1 34 34 7
+1 2
+3 14
+1 14
+1 14 14 7
+1 6
+1 6 6 5
+1 2
+1 2 2 2
+3 2
+1 2 2
+1 2
+1 2
+2 4
+1 4
+1 4
+2 8
+1 8
+1 8

fl=(32)
fn=(148)
205 10
+1 1 0 0 1 1
cfi=(2)
cfn=(98)
calls=1 648 
* 2
+5 1
-1 1
-4 1
+9 1
+2 1
-3 1
+3 1 0 0 1 1
cfi=(2)
cfn=(150)
calls=1 513 
* 5832 828 193 40 10
+2 1
+1 1
+1 8

fn=(96)
163 12
+15 6
-3 12
+1 12
-13 12
+14 12
+1 6
+2 6 0 0 6 1
cfi=(2)
cfn=(98)
calls=6 648 
* 12
+2 6
-1 6
+4 6
-3 12
+3 6
-4 6
+4 6
cfi=(33)
cfn=(100)
calls=6 26 
* 120
* 18 6
+2 18 0 0 6 2
cfi=(40)
cfn=(134)
calls=5 60 
* 12983 2290 544 48 10
cfi=(2)
cfn=(102)
calls=1 480 
* 2372 401 146 13 1
+1 12
+2 6
+1 6
-3 6
+1 12
+1 6
+9 6
-8 6
+8 18

fl=(43)
fn=(152)
380 5
+4 7 1
+2 35 5
cfn=(154) _dl_check_map_versions
calls=5 189 
* 5733 816 188 40 10
-2 5
+2 15
-1 5
-1 10 5 5
+5 7

fn=(156) match_symbol
76 110
+9 10
-8 10
-1 20
+1 10
+8 10 10
+6 30 10
+15 10
+1 20 10
+2 10
+5 20 10
+14 140 70 10
+12 180 60
+4 60
-30 120 60 4
+19 50
cfi=(19)
cfn=(54)
calls=10 +11 
* 330 39 10 2 2
* 20 10
+35 80

fn=(154)
189 15 5
-15 45
+17 5
+3 15
-3 5
+2 5
+1 5
+2 5
-3 5
+3 5 5 2
+3 6
+4 3
-4 3
+4 12 3
+17 3
56 6
220 3
56 15 3 3
220 2
56 4
220 2
56 10 2 2
+1 16
-1 32 16
+2 63
cfi=(34)
cfn=(106)
calls=21 288 
* 2321 282 78 26 8
* 47 21 6
228 15 5
+5 40
+19 5
-15 155 10 5
cfn=(156)
calls=5 76 
* 625 129 16 2 2
* 20
cfn=(156)
calls=5 76 
* 615 150 8
* 10
+7 60
+3 30 10 5
+9 30 5 3
+5 6
+1 2
+8 6 3 1
+3 12
+10 33
-7 132
+3 99 33 16
-3 12
+3 9 3 3
+8 12 4 4
+87 8
-81 16
cfi=(17)
cfn=(36)
calls=4 103 
* 152 16 7 8
* 4 0 0 4
+1 4
-2 4
+2 4 4
+11 4
+2 4
-5 4
+3 4
+2 4
-2 4
+2 4 4 1

ob=(5)
fl=(65)
fn=(634) 0x0000000000000580
0 9 1 1

fn=(620)
0 6 2 1

ob=(1)
fl=(43)
fn=(154)
310 12
+4 15
+18 5
-15 15
+2 15 5 1
-2 15
+2 15 5
+2 10
+1 10
-1 20
+1 10
-1 10
+1 10
+1 10
-2 10
+2 20
+1 30
+3 30 10 5
+8 15 5 3
+5 2
+1 2
+4 12 4 1
+3 12
+20 33
-14 72 36 3
-2 33
+7 66
+1 33
-1 99
+1 33
-1 33
+1 33
+1 33
+3 99 33 11

ob=(5)
fl=(65)
fn=(620)
0 2
cob=(2)
cfi=(16)
cfn=(626) 0x0000000004a28570
calls=1 0 
0 63 10 3 1 1
0 1
cfn=(634)
calls=1 0 
0 9 1 1
0 3

fn=(246)
0 17 2 1

ob=(1)
fl=(43)
fn=(154)
364 9 3 3
+10 36
183 2
-8 2
+95 4 2 1
-80 2

ob=(6)
fl=(75)
fn=(612) 0x0000000000400f00
0 8 1 1

fn=(310)
0 15
cob=(2)
cfi=(16)
cfn=(312) 0x0000000000400868
calls=1 0 
0 6 1 1
0 8 1 0 1 1
cfn=(316) 0x0000000000400fa0
calls=1 0 
0 16 2 1
0 11 1

fn=(608)
0 5 1
cfn=(612)
calls=1 0 
0 8 1 1
0 3

fn=(316)
0 16 2 1

fn=(290)
0 11
cob=(1)
cfi=(76)
cfn=(298)
calls=1 64 
0 146549199343 2348558322 6012589 702044 112868
0 5 0 0 2 2

fl=(83)
fn=(554) av_velocity_2
639 6
+6 1
-6 3
+2 1
+4 12 1
+2 1280 128
+3 49152 16384 138
+7 142884
+4 15876
-4 47628
+4 31752
-4 15876
+4 15876
-4 15876
+4 15876
-4 15876
+13 15876
-9 15876
-4 15876
+13 15876
-13 15876
+13 15876
-13 15876
+13 15876
-9 15876
+9 31752
+9 111132 15876
+2 47628
-34 31752 15876 6
+34 1016
-34 1016 508 12
-2 514 128 3
+41 1
+1 7
-1 1
+1 1

fn=(592) finalise
846 9
+4 2
cob=(1)
cfi=(76)
cfn=(299)
calls=1 64 
* 1130 150 16 8 3
* 5 0 0 2 1
+1 1
+2 2
cob=(3)
cfi=(85)
cfn=(480)
calls=1 2935 
* 56 10
* 1 0 0 1 1
+1 1
+2 2
cob=(3)
cfi=(85)
cfn=(480)
calls=1 2935 
* 142 33 8
* 1 0 0 1
+1 1
+2 2
cob=(3)
cfi=(85)
cfn=(480)
calls=1 2935 
* 49 9 2
* 1 0 0 1
+1 1
+3 7

fn=(332) initialise
692 13
+8 1
-8 5
+8 1
cob=(1)
cfi=(76)
cfn=(299)
calls=1 64 
* 60679 13577 2102 20 12
* 5 0 0 2 1
+2 2 1
+7 6
cob=(1)
cfi=(76)
cfn=(299)
calls=1 64 
* 2362 363 109 16 10
* 5 0 0 2 1
+2 2 1
+2 5
cob=(3)
cfi=(98)
cfn=(400)
calls=1 26 
* 770 149 50 2
* 1 0 0 1 1
+2 2 1
+2 5
cob=(3)
cfi=(98)
cfn=(400)
calls=1 26 
* 876 176 13 2
* 1 0 0 1
+2 2 1
+2 5
cob=(3)
cfi=(98)
cfn=(400)
calls=1 26 
* 714 134 2 2
* 1 0 0 1
+2 2 1
+2 5
cob=(3)
cfi=(98)
cfn=(400)
calls=1 26 
* 1234 214 72 2 2
* 1 0 0 1
+2 2 1
+2 5
cob=(3)
cfi=(98)
cfn=(400)
calls=1 26 
* 1440 250 77 2
* 1 0 0 1
+2 2 1
+2 5
cob=(3)
cfi=(98)
cfn=(400)
calls=1 26 
* 1465 257 72 5
* 1 0 0 1
+2 2 1
+3 2
cob=(1)
cfi=(76)
cfn=(299)
calls=1 64 
* 1685 256 67 11 5
* 5 0 0 2 1
+22 10
cob=(1)
cfi=(76)
cfn=(299)
calls=1 64 
* 1350 182 33 7 1
* 5 0 0 2 1
+2 1
-2 1
+2 2 1
+3 2
cob=(3)
cfi=(85)
cfn=(344)
calls=1 2903 
* 280 43 23
* 1 0 0 1 1
* 1
+2 1
-2 1
+2 1 1
+3 2
cob=(3)
cfi=(85)
cfn=(344)
calls=1 2903 
* 189 28 14
* 1 0 0 1
+2 1
-2 2
+2 1 1
+3 1
+4 1
-4 1
+1 1
-1 1
+1 1
-1 1
+2 1
-2 1
+1 1
+3 7 1
+2 1280 128
+3 256
+2 128
+1 128
+1 128
+1 128
+2 128
+1 128
+1 128
+1 128
-13 256 128 3
+3 32512
+2 16256
+1 16256
+1 16256
+1 16256
+2 16256
+1 16256
+1 16256
+1 16256
-13 32512 16256 145
-2 512 128 3
+24 5
-2 1024 128
cob=(3)
cfi=(122)
cfn=(506)
calls=127 53 
* 9144 1143 11
cob=(1)
cfi=(76)
cfn=(299)
calls=1 64 
* 1165 149 15 9 2
* 132 0 0 129 2
-2 512 128 3
+9 3
cob=(3)
cfi=(84)
cfn=(338)
calls=1 97 
* 502 66 25 1
* 1 0 0 1 1
+2 1
-2 1
+2 1 1 1
+10 1024 512
+2 3072 1024
+2 2560 1024
+2 1024 512
+3 2560
-12 3584
cob=(3)
cfi=(98)
cfn=(400)
calls=512 26 
* 850656 166071 4781 3077 1
* 512 0 0 512
* 7
cob=(3)
cfi=(98)
cfn=(400)
calls=1 26 
* 1925 347 76 12 2
* 1 0 0 1
* 1026 513 2
+16 2
cob=(3)
cfi=(117)
cfn=(468)
calls=1 39 
* 533 109 39 4
* 1 0 0 1 1
+6 3
cob=(3)
cfi=(85)
cfn=(344)
calls=1 2903 
* 280 43 4
* 1 0 0 1
* 2
+3 12 1

fn=(330)
122 9
+15 1
-11 1
+1 1
+1 1
+1 1
+8 1 1
+11 10
cfn=(332)
calls=1 692 
* 1152865 204052 7742 3833 45
+3 3
cob=(1)
cfi=(76)
cfn=(299)
calls=1 -87 
* 1237 155 15 9 3
* 5 0 0 2 1
+1 7
+2 5 1
+56 1
-56 3
+44 2
+4 1
-46 1
+42 1
-42 1
+49 1
-3 1
-4 1
+1 1
-1 1
+7 1 1
-7 39998
+4 19999
-46 19999
+42 19999
-42 19999
+49 19999
-3 19999
-4 19999
+1 19999
-1 19999
+7 159999 19999
+4 7680000 2560000 20003
+1 10080000 2520000
+1 10080000 2520000
+1 10080000 2520000
+3 2520000
+4 2520000
-4 2520000
+5 2520000
+1 2520000
-6 2520000
+1 7560000
+1 15120000
-12 5040000 2520000 4
+12 80000
-12 100000 40000 1
-48 80000
-3 20000
+3 100000
cfn=(514) propagate_collide_1
calls=20000 +72 
* 83686980000 1295540000 2600034
+7 20000
-7 20000
+7 160000
cfn=(516) accelerate_flow_2
calls=20000 393 
* 157380000 15260000 20008
+1 240000
cfn=(518) propagate_collide_2
calls=20000 431 
* 62346880000 978020000 2600039
-11 20000
+11 20000
-11 60000 20000 3
+19 3
cob=(3)
cfi=(51)
cfn=(512)
calls=1 29 
* 5 1
* 1 0 0 1 1
+1 1
+1 2
-1 7
+1 1
cob=(1)
cfi=(76)
cfn=(299)
calls=1 64 
* 1098 142 11 7 2
* 5 0 0 2 1
+1 1
+1 1
+2 1
-3 1
fi=(128) /usr/include/x86_64-linux-gnu/bits/stdio2.h
-72 2
fe=(83)
+72 1
+2 1
-1 2
-1 1
+2 2
+1 2
-2 4
+2 1
-1 1
fi=(128)
-74 1
fe=(83)
+75 2
-2 1
+2 1
fi=(128)
-75 1
cob=(1)
cfi=(76)
cfn=(299)
calls=1 -40 
* 2335 350 66 24 6
* 5 0 0 2 1
* 1
fe=(83)
870 21
cfn=(554)
calls=1 639 
* 735679 48901 159
fi=(128)
104 14
cob=(3)
cfi=(124)
cfn=(530)
calls=1 -78 
* 3317 625 147 24 5
* 1 0 0 1 1
* 7
cob=(3)
cfi=(124)
cfn=(530)
calls=1 -78 
* 3469 594 164 17 2
* 1 0 0 1
* 6
cob=(3)
cfi=(124)
cfn=(530)
calls=1 -78 
* 3555 616 85 17
* 1 0 0 1
* 6
cob=(3)
cfi=(124)
cfn=(530)
calls=1 -78 
* 2463 456 82 15
* 1 0 0 1
fe=(83)
+83 10
cfn=(578) write_values
calls=1 893 
* 273989175 46761831 763885 698050 112776

ob=(2)
fl=(16)
fn=(342)
0 9 0 0 9 1
cob=(3)
cfi=(85)
cfn=(344)
calls=9 2903 
0 60759 13614 2140 12 10

fn=(478)
0 8 0 0 8 1
cob=(3)
cfi=(85)
cfn=(480)
calls=8 2935 
0 1090 244 39

fn=(618)
0 3

fn=(658)
0 3

fn=(648)
0 1 0 0 1 1
cob=(3)
cfi=(144)
cfn=(628)
calls=1 31 
0 62 10 2

fn=(84)
0 3 0 0 3 1
cob=(1)
cfi=(17)
cfn=(86)
calls=3 120 
0 18 3

fn=(242)
0 6 1 1

fn=(276)
0 6 1 1

fn=(640)
0 3

ob=(6)
fl=(83)
fn=(330)
188 7
cfn=(592)
calls=1 846 
* 1413 202 26 13 5
+3 10 1

fn=(514)
229 240000
+2 20000
+13 40000
-13 20000
+1 60000
+1 60000
+11 100000 20000
+66 20000
-66 100000
+2 80000 20000
-2 2540000
+2 10160000 2540000
+20 10240000
+68 2560000
+1 2560000
-69 25600000
-18 1966080000 327680000 2540013
+7 317520000
+1 317520000
-1 635040000
+1 317520000
-1 317520000
+1 635040000
+2 952560000 317520000
+7 317520000
+16 317520000
-16 317520000
+16 317520000
-16 1270080000
+1 635040000
-1 317520000
+1 317520000
-1 317520000
+1 317520000
+1 635040000
+14 317520000
+4 317520000
-18 317520000
-1 317520000
+1 317520000
+18 317520000
+10 317520000
-28 317520000
+1 317520000
+13 317520000
-13 317520000
-1 317520000
+1 317520000
+13 317520000
-13 952560000
+1 635040000
-1 317520000
+1 317520000
+12 317520000
-12 952560000
+1 317520000
+1 317520000
+1 635040000
+13 317520000
-14 317520000
+1 317520000
-2 317520000
+11 317520000
-11 317520000
+25 317520000
-24 317520000
+1 317520000
-2 317520000
+1 317520000
+1 317520000
-2 317520000
+15 317520000
+10 317520000
-25 317520000
+1 317520000
+10 317520000
+14 317520000
-10 317520000
+10 317520000
-14 317520000
+4 317520000
+10 317520000
-14 317520000
+4 317520000
+10 317520000
-10 317520000
+10 635040000
+10 635040000
+8 317520000
-8 635040000
+8 317520000
-8 317520000
+8 317520000
-8 317520000
+5 317520000
+12 317520000
-12 317520000
-5 317520000
+17 317520000
-12 317520000
+1 317520000
+3 317520000
-3 317520000
+3 317520000
-3 317520000
+3 317520000
-2 317520000
+22 317520000
-22 317520000
+22 317520000
-22 317520000
+3 952560000
+12 635040000
+7 317520000
-7 317520000
+7 1587600000
+1 317520000
+1 317520000
+3 317520000
+2 317520000
-7 317520000
+1 317520000
-1 635040000
+1 2540160000
+1 635040000
-1 317520000
+1 635040000
+1 635040000
-1 317520000
+1 317520000
-1 317520000
+1 317520000
-1 317520000
+1 317520000
-1 317520000
+1 317520000
-1 317520000
+1 317520000
+2 317520000
-2 635040000
+2 635040000
-2 317520000
+1 635040000
-1 317520000
+1 635040000
+3 317520000
-3 1270080000
+2 317520000
-2 317520000
+2 317520000
+2 317520000
-4 317520000
+1 635040000
-1 317520000
+1 635040000
+1 317520000
-1 1270080000
+1 635040000
-1 317520000
+1 1905120000
+1 635040000
-1 317520000
+1 2540160000
+1 317520000
-1 317520000
+1 635040000
-1 317520000
+1 1270080000
+6 635040000
-6 317520000
+6 317520000
-6 317520000
+6 317520000
+13 317520000
-19 317520000
+6 317520000
+13 317520000
+9 635040000
-22 317520000
+13 317520000
+9 317520000
-22 317520000
+13 317520000
+9 317520000
-22 317520000
+13 317520000
+9 317520000
-22 317520000
+13 317520000
+9 317520000
-9 317520000
+9 317520000
+9 2222640000 317520000
+2 317520000
-2 1270080000
246 635040000 317520000 4
379 30480000
246 25440000 10160000 40015
-2 7740000 2560000 20002
387 20000
+1 140000
-1 20000
+1 20000

fn=(516)
393 120000
+2 40000
+5 80000
+1 40000
-6 20000
+1 20000
+5 20000
+3 20000
-9 20000
+9 40000 20000
+10 140000
-2 40000
-6 20000
+1 40000 20000
-1 2540000
+1 7620000 2540000
+4 7680000 2560000 20002
+1 20160000 2520000
+1 20160000 2520000
+1 20160000 2520000
-8 7560000
+11 17640000
+1 2520000
+1 5040000
-1 15120000
+1 12600000
+2 2520000
+1 2520000
+1 7560000
-19 5040000 2520000 4
+19 40000
-19 80000 40000 2
+24 120000
-21 40000

fn=(518)
431 240000
+2 20000
+13 20000
-13 20000
+1 60000
+1 60000
+11 200000 20000
+2 7680000 2560000
+82 23040000
-80 983040000 327680000 2540016
+25 317520000
-14 317520000
+1 317520000
+13 317520000
+4 317520000
-13 317520000
+13 317520000
+10 317520000
-24 317520000
+24 635040000
-14 317520000
+4 317520000
+10 317520000
-14 317520000
+4 317520000
+10 317520000
-10 317520000
-4 317520000
+14 317520000
-14 317520000
+4 317520000
+10 317520000
-14 1270080000
+4 317520000
+10 317520000
+10 317520000
+10 317520000
-3 317520000
-7 317520000
+8 317520000
-8 635040000
+8 317520000
-2 317520000
-6 317520000
+10 317520000
-3 317520000
-1 317520000
+2 317520000
-8 317520000
+5 317520000
+17 317520000
-17 317520000
+5 317520000
+21 317520000
-31 317520000
+22 317520000
-13 635040000
+22 317520000
-22 317520000
+8 635040000
+14 30481920000
+10 635040000
-10 635040000
+10 317520000
+4 317520000
-14 317520000
+10 317520000
+4 317520000
+9 317520000
-13 317520000
+4 317520000
-4 317520000
+4 317520000
+9 635040000
-13 317520000
+4 317520000
+9 317520000
-13 317520000
+4 317520000
+9 317520000
-13 317520000
+13 317520000
-13 317520000
+4 317520000
+9 317520000
+9 2222640000 317520000
+2 317520000
-2 952560000
448 635040000 317520000 5
562 20320000
448 20320000 10160000 40016
-2 10300000 2560000 20002
570 20000
+1 140000
-1 20000
+1 20000

fn=(578)
893 9
+9 1
-9 1
+9 1
-9 6
+9 1
cob=(3)
cfi=(84)
cfn=(338)
calls=1 97 
* 503 67 13 1
* 1 0 0 1
+2 2 1
+5 6 1 1
+2 1280 128
+15 174636
+4 15876
-4 15876
+4 15876
-4 15876
+4 15876
-4 15876
+4 15876
-4 15876
+12 15876
-8 15876
-4 15876
+12 15876
-12 15876
+12 15876
-12 15876
+12 15876
-8 15876
+8 31752
+8 127008 15876
+2 15876
fi=(128)
97 142884
cob=(3)
cfi=(138)
cfn=(586)
calls=15876 -71 
* 157514468 27147720 456864 349928 31752
* 15876 0 0 15876
* 4572
cob=(3)
cfi=(138)
cfn=(586)
calls=507 -71 
* 4524963 757605 16775 11180 1014
cob=(1)
cfi=(76)
cfn=(299)
calls=1 -33 
* 10436 1686 190 35 9
* 512 0 0 509 2
fe=(83)
911 32768 16384 128
+3 65536 16384 129
+2 508
+1 508
-1 508
+1 508
-1 1016
-7 512 128 3
+47 2
cob=(3)
cfi=(117)
cfn=(468)
calls=1 39 
* 638 124 19 5
* 1 0 0 1
+2 3
cob=(3)
cfi=(84)
cfn=(338)
calls=1 97 
* 503 67 2 1
* 1 0 0 1
+2 1
-2 1
+2 1 1
+5 7 1
fi=(128)
97 8
cob=(3)
cfi=(138)
cfn=(586)
calls=1 -71 
* 3243 534 33 11 1
* 1 0 0 1
* 319992
cob=(3)
cfi=(138)
cfn=(586)
calls=39999 -71 
* 110607574 18765000 289712 280495 79998
* 39999 0 0 39999
fe=(83)
965 80000 40000 3
+5 2
cob=(3)
cfi=(117)
cfn=(468)
calls=1 39 
* 638 124 13 5
* 1 0 0 1
+3 9

ob=(2)
fl=(16)
fn=(626)
0 1 0 0 1 1
cob=(3)
cfi=(144)
cfn=(628)
calls=1 31 
0 62 10 3

fn=(312)
0 6 1 1

totals: 146549316700 2348578205 6014853 702398 112966
