version: 1
creator: callgrind-3.11.0
pid: 13818
cmd:  ./d2q9-bgk.exe input_128x128.params obstacles_128x128.dat
part: 1


desc: I1 cache: 
desc: D1 cache: 
desc: LL cache: 

desc: Timerange: Basic block 0 - 25142254
desc: Trigger: Program termination

positions: line
events: Ir Bc Bcm Bi Bim
summary: 738578028 15942902 71937 15072 554


ob=(3) /lib/x86_64-linux-gnu/libc-2.23.so
fl=(75) /build/glibc-GKVZIf/glibc-2.23/malloc/morecore.c
fn=(294) __default_morecore
46 2
+1 2
cfi=(76) /build/glibc-GKVZIf/glibc-2.23/misc/sbrk.c
cfn=(296) sbrk
calls=2 -13 
* 91 16 4
+1 6
+4 4

fl=(107) /build/glibc-GKVZIf/glibc-2.23/stdio-common/isoc99_fscanf.c
fn=(452) __isoc99_fscanf
26 5200 520 5
+4 7800 2080 12
+3 520
-2 520
+3 2080
-1 2600
+1 520
cfi=(108) /build/glibc-GKVZIf/glibc-2.23/stdio-common/vfscanf.c
cfn=(454) _IO_vfscanf
calls=520 279 
* 832676 163125 5218 3112 12
fi=(115) /build/glibc-GKVZIf/glibc-2.23/stdio-common/../libio/libioP.h
875 520
+1 520
fe=(107)
34 520
fi=(115)
876 520 520
+1 4160 1560 6
fe=(107)
39 2080

fl=(50) /build/glibc-GKVZIf/glibc-2.23/string/../sysdeps/x86_64/multiarch/strspn.S
fn=(190) strspn
30 1
+1 1
+1 1
+1 1 1
+1 1
+1 1

fl=(124) /build/glibc-GKVZIf/glibc-2.23/stdlib/../sysdeps/ieee754/dbl-64/mpn2dbl.c
fn=(516) __mpn_construct_double
39 3
-6 9
+7 3
-7 3
+6 6
+1 9
+6 6
+1 3

fl=(139) /build/glibc-GKVZIf/glibc-2.23/stdio-common/printf_fp.c
fn=(610) hack_digit
169 2232
+3 2976 1116 147
+2 2976 744 2
+8 1116 372 6
+21 1116
cfi=(126) /build/glibc-GKVZIf/glibc-2.23/stdlib/../sysdeps/x86_64/mul_1.S
cfn=(520) __mpn_mul_1
calls=372 32 
* 7440 1488
+1 744 372 26
+1 1740
+4 1860
-23 2232
cfi=(146) /build/glibc-GKVZIf/glibc-2.23/stdlib/divrem.c
cfn=(622) __mpn_divrem
calls=372 46 
* 14493 1817 50
+2 1488
+3 372
-2 372
+3 372
-1 372
+1 2232 744
-16 744
+1 372
-1 372
+1 744
-1 372
+1 372
cfi=(126)
cfn=(520)
calls=372 32 
* 7440 1488
* 372
+32 2976

fn=(604) __printf_fp
215 3720
+39 372
-9 372
+16 372
-7 1116
+10 372
-10 744
+10 372 372
+2 2232
+1 744
+17 1116 372
+32 372
-2 744
+16 372
+2 372
-2 372 372 2
+46 372
+3 744 372
+14 1488 372
+16 2976
cfi=(140) /build/glibc-GKVZIf/glibc-2.23/stdlib/../sysdeps/ieee754/dbl-64/dbl2mpn.c
cfn=(606) __mpn_extract_double
calls=372 37 
* 7440 372 2
+4 372
-4 372
+4 744
+36 372
+12 372
-9 3348
+1 1860
+1 744
+1 744
-2 372
+1 372
-1 372
+2 372
+7 372
-8 372
+1 372
+7 372 372 186
636 372 186 2
820 744
-10 372
+10 372
-10 372
+10 744
+2 372
-2 372
+2 372 372 4
+58 372
-61 372
+61 744 372 4
+14 2604 744
+7 372
fi=(147) /build/glibc-GKVZIf/glibc-2.23/stdio-common/../sysdeps/pthread/allocalim.h
29 744 372
fe=(139)
911 2604
+4 372
-3 744
+3 1116 558 62
+3 1488 372
-6 2976
+9 1116
cfn=(610)
calls=372 169 
* 29202 4092 10
-3 372
+3 372
-3 2232 372
+7 1860 744
+2 744
-4 372
+4 744
+12 1116
+1 2604
+1 19344 4836 371
+1 744 372 6
172 4464
944 4464
172 13392 6696 189
+2 13392 4464 4
+8 6696 2232 4
+21 6696
cfi=(126)
cfn=(520)
calls=2232 32 
* 44640 8928
+1 4464 2232 161
+1 9485
945 1897
+1 1897
+2 3794 1897 2
-3 2567
+1 2567
+2 5134 2567 4
1246 3348
471 558 186 2
+16 372 186 2
248 1674
522 186
-1 186
+1 558
-1 186
+1 372
cfi=(119) /build/glibc-GKVZIf/glibc-2.23/string/../sysdeps/x86_64/multiarch/../memcpy.S
cfn=(502) __GI_memcpy
calls=186 61 
* 4278 1302 192
* 186
+16 1116 744 4
+11 2418
-2 2418
+2 7068 2418 186
-57 2232
+4 11160 2232 194
-4 186
+4 930 186
+2 744 372 2
+30 1488
cfi=(125) /build/glibc-GKVZIf/glibc-2.23/stdlib/mul.c
cfn=(518) __mpn_mul
calls=186 48 
* 12648 1302 3
+4 372
+2 372 186
433 8928
186 13392
cfi=(146)
cfn=(622)
calls=2232 46 
* 86655 10868 345
+2 8928
+3 2232
-2 2232
+3 2232
-1 2232
+1 13392 4464
-16 4464
+1 2232
-1 2232
+1 4464
-1 2232
+1 2232
cfi=(126)
cfn=(520)
calls=2232 32 
* 44640 8928
* 11160
942 1116
+15 1860 372
+1 1116
cfn=(610)
calls=372 169 
* 28695 4049 221
+2 1433 372 52
+1 317
-1 317 317 38
fi=(142) /build/glibc-GKVZIf/glibc-2.23/stdio-common/../sysdeps/generic/get-rounding-mode.h
94 372
+1 1860 744 12
fe=(139)
1076 1488 372
+7 744 372 11
+3 744 372 8
+13 1116 372
+2 1674 558 163
+20 186
-1 186
+1 186
+4 186
-4 186
+4 372 186 4
-4 186
+4 186 186 4
+14 1116
+6 2232 744 2
+2 2232
+2 372
-2 372
+2 1488 744 4
+94 8928
538 1116
cfi=(145) /build/glibc-GKVZIf/glibc-2.23/stdlib/cmp.c
cfn=(620) __mpn_cmp
calls=372 35 
* 4092 744 3
* 1488 372
+3 1860
cfi=(119)
cfn=(502)
calls=372 61 
* 8556 2604 10
+1 1116
+1 1116
+1 372
-2 372
+1 372
+1 744
-1 372
+1 744
-9 558
+15 186
+6 186
-6 186
+6 186 186
+4 1302 372 2
+35 1116 372
+16 186
+2 186
-2 372
+2 186
-2 372
cfi=(141) /build/glibc-GKVZIf/glibc-2.23/stdlib/../sysdeps/x86_64/rshift.S
cfn=(608) __mpn_rshift
calls=186 29 
* 3162 744 5
+16 558
-1 186
+1 744
cfi=(141)
cfn=(608)
calls=186 29 
* 3162 744 6
+4 1302
-1 372
962 264 88 13
+3 75
-4 75
+4 75 75 38
+5 39
-1 39
+1 198 80 3
248 372
1152 744 372 2
+7 1488 744 2
+9 1116 372
+6 1860 372 2
+4 744
cfi=(118) /build/glibc-GKVZIf/glibc-2.23/string/../sysdeps/x86_64/strlen.S
cfn=(500) strlen
calls=372 66 
* 5952 744
* 372
+2 1116 372 2
+5 744
+2 372
-2 744
+2 372
-2 372
+2 372 372 4
+18 4836 372
+3 12648 6324
+3 12648
-6 20088 6696 372
+1 20088 6696 8
+1 1488
cfi=(136) /build/glibc-GKVZIf/glibc-2.23/string/../sysdeps/x86_64/memcpy.S
cfn=(592) __GI_mempcpy
calls=372 61 
* 6696 2232 6
* 372
824 372
+2 2232 372
+9 372
+2 372
-1 372
+10 372
-11 744
fi=(142)
95 744 372
fi=(143) /build/glibc-GKVZIf/glibc-2.23/stdio-common/../include/rounding-mode.h
-43 1596 573 217
fe=(139)
1154 1116 372 2
-34 186
+1 744
+9 1116
982 441 147
+5 882 147 5
+2 195
-2 390
+3 195
-3 1074 537 73
+5 441 147 10
+4 294
+11 588 147
592 558
479 2790
cfi=(120) /build/glibc-GKVZIf/glibc-2.23/stdlib/../sysdeps/x86_64/lshift.S
cfn=(506) __mpn_lshift
calls=186 29 
* 2790 558 2
+4 1674
+1 186
-1 186
+1 186 186
+1 930
644 744
cfi=(120)
cfn=(506)
calls=186 29 
* 2790 558 2
+1 186
+4 186
-8 186
+28 186
-30 186
+30 186
-24 186
+4 186
-4 558
+52 186
-57 186
+8 186
+1 186
+20 186
+28 372
-43 186
+2 372 186 1
-2 1921
+2 3842 1921 190
+7 470
+1 470
-1 705 235 5
+9 705
+1 470 235
+3 470
+1 470
+8 235
-8 235
-1 235
+1 235
-1 235
+1 235
-1 235
+1 235
-1 235
+1 470
+8 705 235 51
+22 486 162
+9 372
-1 186
+1 372
+5 558
-6 186
+6 186
+3 558 186 4
+34 372
cfi=(141)
cfn=(608)
calls=186 29 
* 3162 744 5
+3 930
+7 8556 4153 12
+24 558
669 1175
cfi=(125)
cfn=(518)
calls=235 48 
* 15980 1645 6
* 235
+5 705
+13 146 73
+4 146
-2 73
+2 146
+16 73
-16 73
+16 146 73
+1 146 73 4
+2 49 49 2
1235 1116 372
+7 744 372 2
962 26
+3 2630
1215 744 372
+17 1860 372 2
-76 744 372 2
770 244 61
+4 305
cfi=(126)
cfn=(520)
calls=61 32 
* 1952 183 5
+1 61
+3 122
+1 61
-4 61
+3 61
+1 244 61 3
+9 61
+1 61
-1 124
1232 76260 13764 372
cfi=(103) /build/glibc-GKVZIf/glibc-2.23/libio/genops.c
cfn=(616) __overflow
calls=6696 230 
* 261144 60264 4 6696 1
* 13392 6696 6696
-34 2232
748 558
-23 372 186
+10 186
-3 372
+3 558 186 4
1157 1488
787 122
cfi=(141)
cfn=(608)
calls=61 29 
* 1037 244 3
* 61
564 372
+2 186
-2 186
+2 1488 186
1181 744

fl=(45) /build/glibc-GKVZIf/glibc-2.23/string/../sysdeps/x86_64/multiarch/strcmp.S
fn=(176) strcasecmp
109 1
+1 1
+1 1
+1 1 1 1
+10 1

fn=(186) strncasecmp
129 1
+1 1
+1 1
+1 1 1 1
+10 1

fl=(94) /build/glibc-GKVZIf/glibc-2.23/elf/dl-altinit.c
fn=(354) dlinit_alt
33 3 1 1
+1 1

fl=(83) /build/glibc-GKVZIf/glibc-2.23/time/../sysdeps/unix/syscall-template.S
fn=(312) setitimer
84 4 1
+1 1

fl=(72) /build/glibc-GKVZIf/glibc-2.23/elf/dl-addr.c
fn=(278) _dl_addr
126 9
+5 1
-5 2
+5 2 0 0 1 1
cob=(1) /lib/x86_64-linux-gnu/ld-2.23.so
cfi=(2) /build/glibc-GKVZIf/glibc-2.23/elf/rtld.c
cfn=(50) rtld_lock_default_lock_recursive
calls=1 688 
* 2
+2 2
cob=(1)
cfi=(66) /build/glibc-GKVZIf/glibc-2.23/elf/../sysdeps/x86_64/dl-trampoline.h
cfn=(257) _dl_runtime_resolve_avx'2
calls=1 -69 
* 1351 188 23 5 3
* 5 0 0 2 1
+2 2 1
30 1
+1 1
-1 1
+1 1
+3 2 1
+5 1
+6 1
-7 1
+2 2
+2 1
-2 1
+2 1
+3 1 1
+5 8 1
+2 1
+1 2 1 1
-1 1010
+1 2020 1010 111
+2 3628
+9 2010 670 31
+7 24
-2 24
+2 2259 24 11
-2 2211
+2 5750 2211 1018
-10 11175 2235 22
+2 8940 2235 3
+1 14318 3500 790
+7 1011
-21 2022 1011 19
+49 3 1
+1 1
+1 3 1 1
+3 2 1 1
+37 2 0 0 1 1
cob=(1)
cfi=(2)
cfn=(52) rtld_lock_default_unlock_recursive
calls=1 694 
* 2
+3 9
-28 1
+1 1
+21 2

fl=(110) /build/glibc-GKVZIf/glibc-2.23/io/../sysdeps/unix/sysv/linux/wordsize-64/fxstat.c
fn=(468) _fxstat
34 3
-1 3
+1 3 3
+1 18 3
+4 3

fl=(46) /build/glibc-GKVZIf/glibc-2.23/time/../sysdeps/unix/sysv/linux/x86/time.c
fn=(178) time
38 1
-1 1
+1 6
fi=(47) /build/glibc-GKVZIf/glibc-2.23/time/../sysdeps/generic/dl-hash.h
+10 3
+14 4
-17 3 1 1
+3 9
+14 12
-17 9 3 2
fe=(46)
-7 3 1
+3 2
-3 1
+3 1
cfi=(48) /build/glibc-GKVZIf/glibc-2.23/elf/../sysdeps/unix/sysv/linux/dl-vdso.c
cfn=(182) _dl_vdso_vsym
calls=1 -14 
* 6 1 1
+1 3
+1 2

fl=(68) /build/glibc-GKVZIf/glibc-2.23/gmon/gmon.c
fn=(302) moncontrol
80 2 1
-4 1
+7 2 1 1
+12 2
-9 5
cfi=(79) /build/glibc-GKVZIf/glibc-2.23/gmon/../sysdeps/posix/profil.c
cfn=(304) profil
calls=1 -22 
* 178 10 1
+1 2

fn=(262) monstartup
101 2
+9 1
-9 2
+10 1
+13 1
-14 1
+1 1
-10 1
+9 1
+2 1
-1 1
+3 1
-2 1
+9 1
+3 1
-11 1
-1 1
+1 1
+11 1
-11 1
+10 1
+1 2
-11 2
+11 1
+1 2 1 1
+6 2
-2 1
+2 2
cob=(1)
cfi=(66)
cfn=(257)
calls=1 -67 
* 60748 13538 2100 13 10
* 5 0 0 2 2
+1 2 1
+15 1
-7 1
-1 1
+9 1
-7 1
+2 1
+5 1
-3 1
-2 1
+23 1
-18 1 1
+3 11 1
+18 1
-1 1
+1 4
-1 1
cfn=(302)
calls=1 -88 
* 192 12 2
-41 2 1 1
+1 1
-4 3

fl=(113) /build/glibc-GKVZIf/glibc-2.23/stdlib/../stdlib/strtol_l.c
fn=(490) ____strtol_l_internal
227 13860
+26 3080 1540 4
+22 1540
-1 1540
+10 6160 3080
+9 9240 1540 2
+2 3080 1540
+5 3080 1540
+5 1540
-6 1540
+6 1540 1540 2
+4 3080 1540 263
+10 2560 1280 1
+10 4620 1540 4
526 12320
311 520 260
+15 3080 1540 3
-79 1540
371 1540
+64 6160 3080
+38 1540
-18 1540
-4 1540
+22 1540
-19 1540
-3 1540
+4 1540
-4 1540
+4 3080
-4 3080
-14 7935 2645 10
-4 5290
+2 12120 5290 627
+44 3080 1540
+5 3080 1540
+1 1540
+5 3080 1540
+3 4620 1540 2
-28 7935 2645
+3 11816 5908 642
+5 2645
+1 10580
+17 4620 1540 1
+17 3080
348 6160

fl=(51) /build/glibc-GKVZIf/glibc-2.23/time/../sysdeps/unix/sysv/linux/x86/gettimeofday.c
fn=(568) __gettimeofday_syscall
29 4 1
+1 1

fn=(192) gettimeofday
37 2
-1 2
+1 12
fi=(47)
+11 6
+14 8
-17 6 2 2
+3 18
+14 24
-17 18 6 4
fe=(51)
-8 6 2
+3 4
-3 2
+3 2
cfi=(48)
cfn=(182)
calls=2 -13 
* 12 2 1
+1 6
+1 4

fl=(129) /build/glibc-GKVZIf/glibc-2.23/misc/../sysdeps/unix/sysv/linux/wordsize-64/mmap.c
fn=(554) mmap
33 3
-1 30
+1 9 3 2
+1 30 3
+2 21
-3 6 3 2

fl=(48)
fn=(182)
27 10
+4 10 5 4
-3 10

fl=(132) /build/glibc-GKVZIf/glibc-2.23/debug/printf_chk.c
fn=(576) __printf_chk
26 9684 559 3
+4 9503 2236 14
+1 1118 559
+1 1118
+2 559
+1 1677
-1 2795
+1 559
cfi=(133) /build/glibc-GKVZIf/glibc-2.23/stdio-common/vfprintf.c
cfn=(578) vfprintf
calls=559 1236 
* 1581256 288784 12669 10066 382
+3 558
-3 558
+3 558 558 2
+1 1116
fi=(137) /build/glibc-GKVZIf/glibc-2.23/debug/../libio/libioP.h
875 558
+1 1116 558 2
+1 4464 1674 4
fe=(132)
43 3348

fl=(52) ???
fn=(196) memcpy@GLIBC_2.2.5
0 18 3

fl=(112) /build/glibc-GKVZIf/glibc-2.23/stdlib/../stdlib/strtol.c
fn=(488) __strtol_internal
98 4620
cfi=(113)
cfn=(490)
calls=1540 227 
* 187681 44208 1561

fl=(79)
fn=(304)
64 5
+9 2 1
+13 6 1 1
+5 1
+15 1
+3 1
-2 2
-5 3
+7 14
-8 1
+1 1
+1 1
+1 1
+2 1
+3 1
cfi=(80) /build/glibc-GKVZIf/glibc-2.23/signal/../nptl/sigaction.c
cfn=(306) sigaction
calls=1 -75 
* 105 6
* 2 1
+3 1
+1 1
cfi=(82) /build/glibc-GKVZIf/glibc-2.23/gmon/../sysdeps/unix/sysv/linux/prof-freq.c
cfn=(310) __profile_frequency
calls=1 -86 
* 3
* 2
+2 1
-2 1
+2 1
-2 3
+1 3
+1 1
-1 1
+1 1
cfi=(83)
cfn=(312)
calls=1 -31 
* 5 1
+1 6

fn=(480) __profil_counter
40 895
+5 179
-5 179
+5 1253
+2 358 179 6
+1 32
fi=(111) /build/glibc-GKVZIf/glibc-2.23/gmon/../sysdeps/unix/sysv/linux/x86_64/profil-counter.h
-18 179
fe=(79)

fl=(102) /build/glibc-GKVZIf/glibc-2.23/libio/iofopen.c
fn=(446) __fopen_maybe_mmap
41 2
-2 2
+2 2 2 2
+15 2

fn=(422) __fopen_internal
61 12
+8 2
-8 4
+8 2
cob=(2) ???
cfi=(16) ???
cfn=(424) 0x0000000004f528a0
calls=2 -69 
* 368 54 22 2 1
+2 6 2 1
+3 2
+3 8
-3 2
+3 4
cfi=(103)
cfn=(428) _IO_no_init
calls=2 599 
* 116 4
+4 2
+1 2
-1 2
+1 2
cfi=(104) /build/glibc-GKVZIf/glibc-2.23/libio/fileops.c
cfn=(432) _IO_file_init@@GLIBC_2.2.5
calls=2 +62 
* 188 34 18
+4 10
cfi=(104)
cfn=(436) _IO_file_fopen@@GLIBC_2.2.5
calls=2 249 
* 242 34 11
* 2
+1 2
-1 2 2
+6 10
-5 2
cfn=(446)
calls=2 -46 
* 8 2 2

fn=(420) fopen@@GLIBC_2.2.5
97 4
cfn=(422)
calls=2 -36 
* 1000 132 54 2 1

fl=(105) /build/glibc-GKVZIf/glibc-2.23/io/../sysdeps/unix/syscall-template.S
fn=(596) write
84 1118 559
cfn=(598) __write_nocancel
calls=559 * 
* 2947 558

fn=(442) __open_nocancel
84 10 2

fn=(476) read
84 12 6
cfn=(478) __read_nocancel
calls=6 * 
* 33 6

fn=(598)
84 2947 558

fn=(478)
84 33 6

fn=(440) open
84 4 2
cfn=(442)
calls=2 * 
* 10 2

fl=(109) /build/glibc-GKVZIf/glibc-2.23/libio/filedoalloc.c
fn=(464) _IO_file_doallocate
95 15
+15 18 3 1 3 1
cfi=(104)
cfn=(466) _IO_file_stat
calls=3 1229 
* 42 6
* 6 3
+2 12 3 1
+11 9 3 3
+4 6
cob=(2)
cfi=(16)
cfn=(424)
calls=3 0 
* 547 79 36 3
* 3
+2 3
-1 6 3 1
+2 12
cfi=(103)
cfn=(470) _IO_setb
calls=3 380 
* 54 3 2
+1 3
+1 15
-15 1
-2 9 1
+5 2

fl=(125)
fn=(518)
48 4220
+6 422
-6 1266
+6 422 422
+13 422
-1 844 422
+5 422
+1 844 422
+9 422
cfi=(126)
cfn=(520)
calls=422 -49 
* 13492 1267 6
+2 422
+5 422
-5 844
+1 422
+4 422 422 5
+54 3376

fl=(95) /build/glibc-GKVZIf/glibc-2.23/csu/../csu/libc-start.c
fn=(380) (below main)
134 7
+4 1
-4 3
+4 3 1 1
+82 1
-82 1
+82 1 1
+1 4
cfi=(84) /build/glibc-GKVZIf/glibc-2.23/stdlib/cxa_atexit.c
cfn=(320) __cxa_atexit
calls=1 57 
* 66 9 4
+22 4 1
+3 2 1
+1 5 0 0 1 1
cob=(5) /home/samc/Repos/D2Q9-BGk/d2q9-bgk.exe
cfi=(65) ???
cfn=(382) __libc_csu_init
calls=1 0 
* 61 6 2 1 1
+4 4 1
+15 2 1
+12 2
cfi=(96) /build/glibc-GKVZIf/glibc-2.23/setjmp/../sysdeps/x86_64/bsd-_setjmp.S
cfn=(398) _setjmp
calls=1 30 
* 30 1 1
+1 2 1
+5 2
+1 2
+3 2
+3 6 0 0 1 1
cob=(5)
cfi=(99) /home/samc/Repos/D2Q9-BGk/d2q9-bgk.c
cfn=(404) main
calls=1 126 
* 738394861 15908875 67502 14663 430
138 2

fl=(81) /build/glibc-GKVZIf/glibc-2.23/signal/../sysdeps/unix/sysv/linux/x86_64/sigaction.c
fn=(308) __libc_sigaction
47 1
+4 1
-4 1
+4 1 1
+3 2
-1 1
+1 2
-1 1
+1 28
+1 1
-1 1
+1 1
+7 1
-7 2
+2 2
+5 11 2
+3 4 2
+3 1
-1 1
+1 2
-1 1
+1 28
+1 1
-1 1
+1 1
+1 2
+3 2

fl=(91) /build/glibc-GKVZIf/glibc-2.23/ctype/ctype-info.c
fn=(344) __ctype_init
31 5
+2 1
+2 1
-4 1
+4 1
-4 1
+2 3
+2 3

fl=(119)
fn=(502)
61 563
+2 563
+2 563 563 186
+3 563
+1 563 563 9
+11 563
+1 563 563 9
+11 563
+1 563 563 8
+11 563
+1 563 563 4
+2 5
+1 5
+2 5
+1 5
+5 5
+1 5 5 4
-1 558
+1 1116 558
+5 558
+1 558
+1 558
+1 558
+2 558
+2 558
+1 558
+2 558 558
+8 563

fl=(118)
fn=(500)
66 375
+1 375
+1 375
+1 375
+1 375
+1 375
+1 375
+2 375
+2 375 375
+30 375
+1 375
+1 375
+1 375
+1 375 375 2
+1 375
+1 375

fl=(78) /build/glibc-GKVZIf/glibc-2.23/string/../sysdeps/x86_64/multiarch/../memset.S
fn=(300) __GI_memset
53 129
+1 129
+1 129
+1 129
+1 129
+2 129
+1 129 129 4
+17 129
+1 129
+1 129
+1 129
+1 129
+1 129
+1 129
+1 129
+1 129
+1 129
+1 129
+1 129
+1 129
+1 258 129
+3 129
+1 129
+1 129
+1 129
+1 129
+1 129
+1 129 129 4
-6 918
+1 918
+1 918
+1 918
+1 918
+1 918
+1 918 918 20
+1 129

fl=(136)
fn=(592)
61 1676
+4 1676 1676
+3 1676
+1 1676 1676 188
+2 1400
+1 1400
+2 1400
+1 1400
+5 1400
+1 1400 1400 282
-1 276
+1 276 276 2
+2 364
+1 364
+2 364
+1 364
+5 364
+1 364 364 91
-1 1312
+1 1312 1312 1
+2 558
+1 558
+2 558
+1 558
+5 558
+1 558 558
-1 1118
+1 1118 1118 12
+2 558
+1 558
+2 558
+1 1116
+5 558
+1 558 558 4
-1 1118
+1 1118 1118 197
+21 1676
+4 1676

fl=(127) /build/glibc-GKVZIf/glibc-2.23/libio/iofclose.c
fn=(526) fclose@@GLIBC_2.2.5
39 6
+14 2
-14 2
+14 4 2 2
+9 8 0 0 2 1
cfi=(104)
cfn=(546) _IO_file_finish@@GLIBC_2.2.5
calls=2 200 
* 54 10 8
+1 6 2 2
+18 12 6
+3 4
cob=(2)
cfi=(16)
cfn=(536) 0x0000000004f528a8
calls=2 -84 
* 291 62 19 2
+4 10
-34 2
cfi=(103)
cfn=(528) _IO_un_link
calls=2 +6 
* 176 38 22
+2 38 8 4
+1 4 2
+1 4
cfi=(104)
cfn=(530) _IO_file_close_it@@GLIBC_2.2.5
calls=2 160 
* 477 82 31 4 2
* 6
fi=(128) /build/glibc-GKVZIf/glibc-2.23/libio/libioP.h
866 4 2 1
+1 18 6 4
fe=(127)
78 4 2 2

fl=(70) /build/glibc-GKVZIf/glibc-2.23/malloc/hooks.c
fn=(272) malloc_hook_ini
29 4
fi=(71) /build/glibc-GKVZIf/glibc-2.23/malloc/arena.c
385 1
fe=(70)
30 1
fi=(71)
385 1
fe=(70)
30 1
fi=(71)
385 1 1 1
fi=(69) /build/glibc-GKVZIf/glibc-2.23/malloc/malloc.c
2912 7 2 1
+2 3
cfn=(288) _int_malloc
calls=1 3350 
* 1048 184 33 2 2
+3 1
-3 1
+3 1 1
+8 4 2 2
+2 11 4 1
fe=(70)
33 4
fi=(69)
2912 6 2 2
+12 1
cfi=(71)
cfn=(276) ptmalloc_init.part.7
calls=1 383 
* 57890 13099 2035 9 6
* 1
-15 2 1 1
fe=(70)

fl=(69)
fn=(290) malloc_consolidate
4145 2 1 1
4997 4
1809 3
-3 2 1 1
+3 378
-3 252 126 8
+7 3 1 1
+5 1
+2 1
-2 2
-1 3

fn=(270) calloc
3173 1
+15 1
-15 3
+10 1
+5 2
-15 1
+10 1
+5 2 1 1
+8 2
+1 2 1 1
3312 5
-25 1
cfi=(78)
cfn=(300)
calls=1 53 
* 1080 153 11
-87 3 0 0 1 1
cfi=(70)
cfn=(272)
calls=1 29 
* 58989 13296 2076 11 8
+4 1
-3 1
+3 2
-3 1 1 1

fn=(288)
3350 30 10
-30 20
+30 10
-30 40
+30 30
-30 10
+30 30
+4 30 10
+14 20 10 3
+37 20 10 4
+2 6
+1 6
+2 2
-2 2
+2 4 2 2
+39 66 15 4
+1 16 8 6
+1 2
cfn=(290)
calls=1 4145 
* 651 129 11
3820 140
-2 10
+2 10
-2 10
+2 20
5003 10
3818 10
+2 10
5005 10
3820 10
5005 10
3820 30
5005 20
3820 40
5003 20
3470 50 10 7
3834 90
3604 20 10 7
+73 20
+1 20
+1 20
+1 20
+1 20
+5 20 10 8
+4 30 10 6
+3 12 3
-3 9 3 1
+3 8 2 1
-3 4 2 2
3793 10
+3 10
-2 20
+2 20 10 6
+17 8 4 2
3606 24
+3 8
-3 8
+3 24 8 7
3449 3
1880 16 4 3
3449 59 8 4
3828 12
cfn=(292) sysmalloc
calls=4 2269 
* 558 84 24 2 2
+1 8 4 3
-28 6
-3 6
+1 6
+2 6
-1 6
+1 12
+2 6
-2 24
+2 6
+3 6
1880 18 6 3

fn=(540) _int_free
3842 36
+13 4
-13 4
+13 8
+6 16 4
+1 8 4
+11 16 8 1
+13 8 4 2
4106 32
3961 8 4
+1 12 4 2
+15 8 4 2
+8 12 4
+6 8
+1 8 4
+1 8 4
1887 12 4
4002 8 4 2
+7 8 4 2
+65 8 4
+1 8 4
+3 12 4 2
3963 20 8 4
+8 4
-4 4
+4 12 4
-7 8
4094 12 4
+1 12 4
+1 20 8 8
-41 4
+1 12
+1 8
-80 20 4 2
4080 20 4 2
+2 8
cfn=(542) systrim.isra.1
calls=2 2760 
* 56 4
* 2

fn=(542)
2760 14
+11 6
+2 2
+1 4 2
-4 2
+8 6
+2 4 2
-5 2
+49 16

fn=(426) malloc
2903 27
+5 18
+1 18 9
+3 72 18 9
+2 27
cfn=(288)
calls=9 3350 
* 1540 188 81
+3 9
-3 9
+3 9 9
+8 36 18 9
+2 84 30 6
+3 36
-18 54 18 15

fn=(292)
2269 32
+20 4
+11 4
-11 4
+11 4 4
+1 14 4 2
fi=(71)
622 3
fe=(69)
2316 5
+65 1
+1 3
+10 1
-9 1
+9 5 2
+6 4 1
+3 3 1 1
2724 2 1
+1 1
+8 4 1
+5 1
-3 1
+3 1
-2 1
+2 3
+1 1
-1 1
-1 1
+4 1
-3 2
+1 1
+8 36
2302 9 3
+14 12
+6 6 3 2
+19 9 3
+15 9
+5 9 3
+1 15 6
+3 9 3
+1 15 6 2
+98 1
-8 4
+8 1 1 1
+21 5 0 0 1 1
cfi=(75)
cfn=(294)
calls=1 46 
* 62 10 2
* 1
+1 1
+3 4 1
+3 2
+1 2 1
+20 2
+26 2 1 1
+2 2
+6 1
-6 1
+6 1 1 1
2322 1
2465 1
+10 5
+8 1
-8 1
+8 1 1 1
+67 7 3
+37 2 1 1
+6 3 1 1
+19 1
+3 2
+1 5
+2 1
-2 1
+2 1 1
+1 3 0 0 1 1
cfi=(75)
cfn=(294)
calls=1 46 
* 43 6 2
+12 2 1
+8 1
+1 1
-1 2
+1 2 1
+39 1
+1 1
-2 1
+1 3
+12 1
-12 1
+1 1
+11 1 1 1
2540 5
2324 21
cfi=(129)
cfn=(554)
calls=3 33 
* 99 9 4
+2 6 3 2

fn=(538) free
2935 20
+5 8
+1 8 4 2
+6 8 4
+5 4
-2 4
+2 8 4 1
+16 12 4 4
+1 8
cfn=(540)
calls=4 3842 
* 474 108 29
+1 24

fl=(116) /build/glibc-GKVZIf/glibc-2.23/stdlib/strtod.c
fn=(496) __strtod_internal
51 9
cfi=(117) /build/glibc-GKVZIf/glibc-2.23/stdlib/strtod_l.c
cfn=(498) ____strtod_l_internal
calls=3 481 
* 1961 338 136

fl=(140)
fn=(606)
37 372
-4 372
+4 744
+1 372
+9 744
+9 372
-18 1116
+18 372
-18 372
+9 372
+9 372 372 2
+47 744
+4 372
-4 372
+4 372

fl=(126)
fn=(520)
32 5691
+3 5691
+1 5691
+1 5691
+1 5691
+1 5691
+2 5691
+1 5691
+2 5691
+1 5691 5691 2
+1 5691
+1 5691 5691 8
+1 5209 5209
+2 5209
+1 5209 5209
+1 5209
+1 5209
+26 482
+1 482
+1 482
+1 482
+1 482
+1 482
+1 482
+1 482
+1 482
+26 482
+1 482
+1 482 482 1
+2 482
+1 482
+1 482
+1 482
+1 482
+1 482
+2 482
+3 482
-5 5209
+2 5209
+3 5209

fl=(76)
fn=(296)
34 2
+8 2
-8 6
+8 9 3 2
+4 4 2 1
+4 6 2 1
+12 5
-19 4
cfi=(77) /build/glibc-GKVZIf/glibc-2.23/misc/../sysdeps/unix/sysv/linux/x86_64/brk.c
cfn=(298) brk
calls=2 -12 
* 24 4
* 8 2
+15 2
cfi=(77)
cfn=(298)
calls=1 -27 
* 12 2
* 2 1
+4 5

fl=(138) /build/glibc-GKVZIf/glibc-2.23/stdio-common/printf-parse.h
fn=(602) read_int
73 372
+12 372
-12 744
+2 5208 744 1
+1 744 372
+2 744 372
+6 372
+1 744
+3 1860
+5 372

fl=(103)
fn=(428)
599 18
+1 2
cfn=(430) _IO_old_init
calls=2 -14 
* 50 2
+3 2
-2 2
+2 2 2
+2 2
+1 2
+1 2
+1 2
+1 2
+1 2
+1 2
+1 2
+1 2
+1 2
+1 2
+1 2
+2 2
+7 2
+1 12

fn=(458) _IO_default_uflow
413 6
-1 12
+1 6 0 0 6 1
cfi=(104)
cfn=(460) _IO_file_underflow@@GLIBC_2.2.5
calls=6 539 
* 977 148 57 12 3
+1 12 6 3
+2 12
+1 12

fn=(486) _IO_sputbackc
673 3603
+3 3603
-3 3603
+3 7206 3603
+1 14412 3603 12
+9 3603
+3 7206
-10 10809

fn=(548) _IO_default_finish
639 8
+2 6 2 2
+6 6 2 2
+3 6 2 2
60 4 2
662 8

fn=(470)
380 15
+1 24 7 4
+3 5
+2 20
-3 5
+3 10
+3 21
-7 2
cob=(2)
cfi=(16)
cfn=(536)
calls=2 0 
* 291 62 17 2 1
* 10

fn=(456) __uflow
348 6
+2 18 6 5
+6 36 6
+3 12 6
+2 12 6
+6 12 6 2
+7 12
+1 6
-1 12 0 0 6 1
cfn=(458)
calls=6 +39 
* 1037 154 60 18 4
-24 12 6 5
+22 18 6 2

fn=(462) _IO_doallocbuf
395 6 3 3
-1 9
+3 12 3 3
+1 9 0 0 3 1
cfi=(109)
cfn=(464)
calls=3 95 
* 763 104 44 6 1
* 6 3
+3 12

fn=(472) _IO_switch_to_get_mode
176 12
-1 12
+1 6 6
+3 18 6 1
+5 6
-1 12
+1 6 6 4
+7 6
-4 6
+2 12
+2 6
+1 6
+1 12

fn=(434) _IO_link_in
98 12 4 2
-1 4
+3 4
-3 2
+5 2
-2 2
+2 10 2
+1 20 6 4
+2 2
-2 2
+1 2
+1 2
-2 2
+2 2
-2 2
+2 26 8 4
+2 2
-2 2
+4 2
+2 2
-3 2
-1 2
+4 14 4 2
+2 2
-1 2
+1 16 6 4
+1 4 2
+3 10
-6 14 4 4

fn=(528)
60 8 4 2
-1 8
+5 12 2
+1 20 6 4
+2 2
-2 2
+1 2
+1 2
-2 2
+2 2
-2 2
+2 26 8 6
+2 2
-2 6
+2 4 2
+2 4 2 2
+13 2
+2 2
-2 2
+2 16 4 2
+2 2
-1 2
+1 16 6 4
+1 4 2
+3 10
-6 14 4 4
-13 2
+1 2
-1 4

fn=(532) _IO_unsave_markers
1049 2
-2 2
+2 2 2 2
+19 6 2 2
+2 2

fn=(588) _IO_default_xsputn
425 2 1
-3 10
+8 52 13 3
+25 86 13 1 12 1
cfi=(104)
cfn=(584) _IO_file_overflow@@GLIBC_2.2.5
calls=12 808 
* 396 96 2
* 24 12
+2 12
-2 24
+4 1
+1 1
-1 1
+1 5

fn=(430)
586 2
-16 2
+1 2
+15 2
+5 2
-21 2
+2 2
+1 2
+1 2
+17 2
-16 2
+1 2
+1 2
+1 2
+1 2
+1 2
+2 2
+1 2
+1 2
+1 2
+6 2 2
+1 8

fn=(616)
230 20088 6696 4
+2 20088 0 0 6696 1
cfi=(104)
cfn=(584)
calls=6696 808 
* 220968 53568

fl=(146)
fn=(622)
46 20832
+3 5208 2604 10
+13 2604
+1 2604
-16 2604
+18 5208 2604 1
+6 5208
+1 9746 2604 377
+1 2269
-1 4538
+1 4538
-1 4538 2269
+4 5208 2604 7
+3 2604
234 2604
81 2604
234 18228
67 1
+1 2

fl=(100) /build/glibc-GKVZIf/glibc-2.23/gmon/../sysdeps/x86_64/_mcount.S
fn=(410) mcount
32 189
+1 189
+1 189
+1 189
+1 189
+1 189
+1 189
+1 189
+4 189
+2 189
+2 189
cfi=(101) /build/glibc-GKVZIf/glibc-2.23/gmon/mcount.c
cfn=(412) __mcount_internal
calls=189 +13 
* 2268 378 5
+6 189
+1 189
+1 189
+1 189
+1 189
+1 189
+1 189
+1 189
+1 189

fl=(77)
fn=(298)
31 24 3
+8 3
-6 6 3
+7 3

fl=(74) /build/glibc-GKVZIf/glibc-2.23/nptl/register-atfork.c
fn=(286) __linkin_atfork
115 2
+1 6 2 1
+2 1

fl=(80)
fn=(306)
34 3 1
+6 1
cfi=(81)
cfn=(308)
calls=1 +7 
* 101 5

fl=(49) /build/glibc-GKVZIf/glibc-2.23/string/../sysdeps/x86_64/multiarch/strcspn.S
fn=(188) strpbrk
45 1
+1 1
+1 1
+1 1 1
+1 1
+1 1

fn=(184) strcspn
45 1
+1 1
+1 1
+1 1 1
+1 1
+1 1

fl=(82)
fn=(310)
27 2
+1 1

fl=(96)
fn=(398)
30 1
+2 1
cfi=(97) /build/glibc-GKVZIf/glibc-2.23/setjmp/../sysdeps/x86_64/setjmp.S
cfn=(400) __sigsetjmp
calls=1 -6 
* 28 1 1

fl=(117)
fn=(504) str_to_mpn.isra.0
338 28
+14 4
-1 4
-13 8
+14 32 4
+34 20 5 3
+3 4 2 2
+7 6
+3 2
+1 2
+2 2
-3 2
+3 2 2 1
-6 3
+3 3
+1 3
+2 3
-3 3
+3 3 3 3
-47 2 1 1
+49 16 4 4
+9 4
-2 8
+2 4
-2 4
+2 4 4
+2 4
+1 4
+15 36

fn=(508) round_and_return
197 30
fi=(121) /build/glibc-GKVZIf/glibc-2.23/stdlib/../sysdeps/generic/get-rounding-mode.h
94 3
+1 15 6 3
fe=(117)
200 6 3 3
+94 6 3 1
+35 21
fi=(121)
104 3
-9 6 3 3
fe=(117)
301 9 3 3
-4 3
fi=(122) /build/glibc-GKVZIf/glibc-2.23/stdlib/../include/rounding-mode.h
46 12 6 2
fe=(117)
328 9
cfi=(124)
cfn=(516)
calls=3 39 
* 42
* 33
fi=(122)
46 6 3
+6 6 3
fe=(117)
297 6 3
fi=(123) /build/glibc-GKVZIf/glibc-2.23/stdlib/../stdlib/gmp.h
447 3
fe=(117)
306 6
fi=(123)
448 3
fe=(117)
306 3 3
+10 6 3 2

fn=(498)
481 21
+55 3
-55 9
+53 3
+2 3 3 2
+18 3
-1 3
+15 6
+1 6
cfi=(118)
cfn=(500)
calls=3 66 
* 48 6 2
+1 3
-1 3
+1 6 3
+10 3
-6 3
+6 9
+3 6
+1 3
-1 3
+1 3 3
+3 6 3
+5 3
-17 3
+17 3 3
+13 9 3
+1 6 3 2
+56 12 3 3
+19 2 1 1
-67 9 3 2
1743 24
487 4
683 4
-1 4 2
+1 4
+23 9 3 1
-1 4
+2 6 2 2
+41 9 3 1
+1 6 3
+12 6 3 3
+13 2
-26 4 1 1
+4 3
+25 6 3 1
+42 12
+9 6 3
+1 12 3 1
-1 9 3
+7 9
+1 9 3 3
+11 6 3
+6 3
+1 3
-1 6
+1 3 3 3
725 9
855 15 6
986 6 3
+2 6 3 2
+5 6 3
+3 6 3 2
+20 6
+2 6 3 2
-3 6 3 2
+6 9 3 2
+9 2 1
+2 2 1 1
+10 4 2
+3 5 1
+4 1
-8 1
+8 1
+1 1
-1 1
-8 2
+13 6 3
+92 3
+2 14 3 1
+1 2
+1 2
+3 4
-3 2
+3 4 2 2
-4 1
+1 1
+3 2
-3 1
+3 2 1
662 6 2
+19 2
487 2
681 4 2
+31 4 2
+1 8 2
-1 6 2
+8 4 2 2
1165 6 3
576 3
1168 6 3 1
1330 18 6
+9 6 3 2
+3 4 2
+1 3
+29 4
+1 1
-1 9 1
+1 2
-1 2 2
+1 9
+2 12 3 3
+8 3
-56 3
+1 3
+55 3
+3 3
+17 3
-20 6
+20 3
-20 3
-57 3
+77 9
-16 3
+16 3
-77 3
+77 12
-6 3
+1 18
cfi=(119)
cfn=(502)
calls=3 61 
* 54 18 9
+15 5
+1 5
+2 10 5 3
-26 10 5 1
+3 4
+2 4
+2 4
-2 4 4 3
+8 8
cfi=(125)
cfn=(518)
calls=1 48 
* 56 8 2
+4 1
+1 1
-1 1
+1 1 1 1
+1 2
+1 1
-1 2
1148 5
-10 18
1418 6 3 1
+4 27
cfn=(504)
calls=3 338 
* 170 20 11
+17 9
+2 6
-2 3
+2 6 3
+4 15
cfi=(120)
cfn=(506)
calls=3 29 
* 45 9 5
+1 15
cfi=(120)
cfn=(506)
calls=3 29 
* 45 9 4
+1 6 3 1
+11 3
+2 3
-2 3
+2 3 3 2
186 6
681 2
487 11
841 36 6 2
+3 8
-7 16 4 2
+7 4
-7 26 5 1
1348 8 4 1
+6 18
+10 2
-10 2
+10 2
-10 2
+10 6
+5 5 2 2
1171 10
cfn=(504)
calls=1 338 
* 50 5 3
* 1
+6 7 1
+44 1
+1 2
-1 2
+1 1
+4 1
-4 1
+4 1 1
+6 2 1 1
1469 3
-2 3
+1 3
+1 12 6
+4 3
+38 3
-38 9
+38 3
-38 6
+38 43 7 1
+4 24
cfn=(508)
calls=2 197 
* 158 26 12
* 12
cfn=(508)
calls=1 197 
* 79 13 5
* 3
-4 2 1 1
+2 2
-2 10 1
cfi=(120)
cfn=(506)
calls=1 29 
* 15 3 2
* 6
-92 4
cfi=(119)
cfn=(502)
calls=1 61 
* 18 6 4
* 1
1264 2 1 1
+39 6
cfi=(119)
cfn=(502)
calls=1 61 
* 18 6 5
* 2

fl=(133)
fn=(578)
1236 4472
+31 1677
+8 1678 559 6
+4 2795 1118
+11 2795 559
+11 559
fi=(138)
108 1677
fe=(133)
1316 559
-15 2795
fi=(138)
108 559
cfi=(134) /build/glibc-GKVZIf/glibc-2.23/string/../sysdeps/x86_64/strchr.S
cfn=(580) strchrnul
calls=559 -84 
* 11180 1118
fe=(133)
1316 559
fi=(138)
108 559
fe=(133)
1312 559
+4 1118 559 3
+4 4472 0 0 559 1
cfi=(104)
cfn=(582) _IO_file_xsputn@@GLIBC_2.2.5
calls=559 -33 
* 78013 20464 793 16 2
* 2236 559 5
1685 2790 1116
+1 1116 558
+2 558
+1 4464
1275 1116 558 4
+41 3354 559
+1 3354 559 2
+3 1118 559 5
+4 559
-4 559
+4 1118 559
+4 6708 1677 3
1552 1118
-21 1118
1632 1118
-1 1118
1370 8385 559
-7 559
-1 559
-3 559
-1 559
+8 559
+4 559
-3 559
-10 559
-1 559
-1 559
-1 559
-1 559
+14 559
-15 559
-1 559
-1 559
-1 559
+18 1118 0 0 559 373
1649 559
+2 1118 559 6
+8 559
fi=(138)
108 1118
fe=(133)
1659 559
fi=(138)
108 559
fe=(133)
1659 559
fi=(138)
108 1118
cfi=(134)
cfn=(580)
calls=559 -84 
* 11180 1118
fe=(133)
1663 559
-4 559
+4 6149 559 0 559 1
cfi=(104)
cfn=(582)
calls=559 1287 
* 118777 19553 414 1118 2
* 7254 1116
+2 1674 558
-34 11029 2242 17 187 1
cfi=(104)
cfn=(582)
calls=187 1287 
* 15132 2959 377
* 1870 374
+1 374
-1 2244 187 3
cfi=(135) /build/glibc-GKVZIf/glibc-2.23/stdio-common/_itoa.c
cfn=(590) _itoa_word
calls=187 168 
* 7282 638 6
* 6166 1121 12
-43 1116 0 0 372 1
+43 22334 2980 383
cfi=(139)
cfn=(604)
calls=372 215 
* 1159002 217972 10624 6696 1
* 8184 1488
1523 1116
+1 1116 372
+26 372
+14 372
-14 744 372 2
+38 5208 372 1
-36 1488
cfi=(138)
cfn=(602)
calls=372 73 
* 11532 1488 1
* 372
+4 1488 372
+9 1860 744 2

fl=(101)
fn=(412)
60 189
+12 378
-12 189
+12 378 189 3
+9 189
+1 378 189 2
+87 189
+5 378

fl=(135)
fn=(590)
168 748
+2 374 187 2
+9 5786 451 4
+9 374

fl=(106) /build/glibc-GKVZIf/glibc-2.23/string/../string/strstr.c
fn=(444) __GI_strstr
53 14
+10 6 2 2
+2 4 2
+1 2
+23 16
-26 2
-5 4

fl=(84)
fn=(320)
57 10
-22 2
+22 2
-22 2
cfn=(322) __new_exitfn
calls=2 +38 
* 82 15 9
+2 4 2
+4 2
+3 2
+1 2
-4 4
+2 2
+4 2
+1 2
+11 8

fn=(322)
73 4
+6 2
-6 2
+6 2
-6 2
+6 8 4 4
+2 12 2
+2 6 2 1
+1 5 1 1
-3 1
+10 2
-10 2 1 1
+2 2
+11 2 1
+25 1
+1 1
-1 1
+1 1
-1 1
+7 1
+1 1
+3 2 1
-4 1
+1 1
+3 6 3 2
+3 10
-21 1
+1 2

fl=(97)
fn=(400)
26 1
+9 1
+1 2
+1 1
+4 1
+1 1
+1 1
+1 1
+1 1
+2 2
+2 1
+1 1
+1 1
+2 2
+2 1
+9 1
cfi=(98) /build/glibc-GKVZIf/glibc-2.23/setjmp/sigjmp.c
cfn=(402) __sigjmp_save
calls=1 -36 
* 9 1 1

fl=(120)
fn=(506)
29 379
+1 379
+2 379
+1 379
+1 379 379 8
+12 379
+1 379 379
+1 379
+1 379
+1 379
+1 379
+1 379 379 7
+6 379
+1 379
+1 379

fl=(134)
fn=(580)
24 1118
+1 1118
+1 1118
+1 1118
+1 1118
+1 1118
+1 1118
+1 1118 1118
+1 1118
+1 1118
+1 1118
+1 1118
+1 1118
+1 1118
+1 1118
+1 1118
+1 1118 1118
+1 1118
+2 1118
+7 1118

fl=(71)
fn=(276)
383 6
+13 1
-8 1
+8 1 1 1
+6 2
+1 2
-1 1
+1 10
cfi=(74)
cfn=(286)
calls=1 115 
* 9 2 1
+2 4 1 1
+67 2
+1 2 1 1
+2 1
+1 7
-79 5
cfi=(72)
cfn=(278)
calls=1 126 
* 57830 13092 2031 9 6
* 2 1
+1 4 1

fl=(90) /build/glibc-GKVZIf/glibc-2.23/string/../sysdeps/x86_64/strrchr.S
fn=(342) rindex
24 1
+1 1
+1 1
+1 1
+1 1
+1 1
+1 1
+1 1 1
+1 1
+1 1
+1 1
+1 1
+1 1
+1 1
+1 1
+1 1
+1 1 1
+1 1
+1 1
+1 1
+1 1 1
+1 1
+1 1
+1 1

fl=(92) /build/glibc-GKVZIf/glibc-2.23/string/../sysdeps/x86_64/cacheinfo.c
fn=(348) handle_intel
262 4 2
-1 4
+17 2
-17 12
+14 2
+1 4
-3 6
+23 8
cfn=(350) intel_check_word
calls=2 133 
* 664 198 35
+1 4 2
+3 10
cfn=(350)
calls=2 133 
* 238 38 22
+1 4 2 2
-17 4
+5 2
-5 6
+5 2 2
+2 2
+1 2
-1 4
+27 16

fn=(350)
133 8 4
+6 4
-7 20
+7 16
-7 4
+7 4
+2 4
-2 4
+2 4 4
+68 8
+3 24
-69 4
+2 8 4
-2 6
+2 12 6
+8 20 10 2
+51 16 8 4
+22 8
fi=(93) /build/glibc-GKVZIf/glibc-2.23/string/../bits/stdlib-bsearch.h
27 8
+1 16
+3 16
+1 8
fe=(92)
+89 16 8
fi=(93)
-90 12
+1 6
fe=(92)
+89 12 6
+3 54 54 9
fi=(93)
-95 46
+2 46
-2 46 46 6
+2 80
+1 40
fe=(92)
+89 80 40 10
251 8
141 16 8 2
-6 2
256 24
fi=(93)
37 8
-8 18 8 4
fe=(92)
165 6
+3 6 2
+4 4
+2 4
+1 14 3 2
+2 7 1 1
-12 2
+12 2
+1 10 5 3
+1 10 5 4
+1 6 3 3
+17 3
-32 9
+3 9 3
+4 6
+2 6
+1 12 3 2
+2 12 3 3
+5 2
+2 4 2 2
+2 32

fn=(346) init_cacheinfo
482 2
+12 1
-12 3
+12 3 1 1
+2 4
cfn=(348)
calls=1 262 
* 454 111 27
+4 2
-4 1
+4 1
cfn=(348)
calls=1 262 
* 546 133 32
+2 1
-2 1
-1 1
+3 1 1
+9 2 1
+2 1
+1 1
+2 1
+5 2
+9 4
-9 4
+9 16 4 1
-9 12
+6 8 4 4
+69 4 2
+1 5
+55 2 1
+2 1
+1 1
+2 1
-3 1
+5 1
-5 1
+4 3
+4 2 1
+2 1
+1 1
+2 1
-3 1
+5 1
-5 1
+4 2
+3 1
-3 1
+3 5
532 1
+32 1
-26 6 2
+7 5
+2 1
+1 1
+1 2 1
-4 4
+2 1
+1 1
+1 6 3 1
+2 2
-6 2
+6 2 2 1
+5 1
+2 2
+1 1
-1 1
+1 3
+6 1
-1 1
+1 5 1 1

fl=(104)
fn=(432)
144 4
+4 2
-4 4
+5 2
-1 2
+3 2
cfi=(103)
cfn=(434)
calls=2 -53 
* 162 34 18
+1 2
+1 8

fn=(438) _IO_file_open
214 12
+3 4 2 2
+8 4 2
+3 4
+3 2
-3 2
-1 2
+1 4
+3 2
-3 2
+3 2 2
+10 4
cfi=(103)
cfn=(434)
calls=2 98 
* 8 2 2
+1 2
+1 8
-22 8
cfi=(105)
cfn=(440)
calls=2 84 
* 14 4
* 6

fn=(460)
539 18 6
+6 18 6
-14 24
+17 12 6 4
+13 12 6 4
+20 12
cfi=(103)
cfn=(472)
calls=6 176 
* 120 18 5
+6 6
+5 24
-5 12
+1 6
+2 6
-1 12
+3 6 0 0 6 1
cfn=(474) _IO_file_read
calls=6 1216 
* 69 18 4
+2 12 6 3
+16 3
-9 3
+9 6 3 3
+2 6
+1 12
-16 3
-1 3 3
+1 6
+10 3
+6 3
-5 3
+5 9
-62 6 2 2
+5 4
cfi=(103)
cfn=(462)
calls=2 395 
* 534 74 32 6 2
* 4

fn=(466)
1229 3
+1 9
cfi=(110)
cfn=(468)
calls=3 34 
* 30 6

fn=(586) _IO_do_write@@GLIBC_2.2.5
494 1680 560 2
+1 1
-3 4472
+11 1118 559
+7 2236 559 3
+8 2795 0 0 559 1
cfn=(594) _IO_file_write@@GLIBC_2.2.5
calls=559 1258 
* 24730 3909 6
* 558
+1 2790 1116
+6 558
-4 558
+4 558
-4 1674
+1 1116
+3 558 558 2
-2 558
-29 2232
+1 3348
+29 1116 558 2

fn=(594)
1258 559
-2 3354
+2 2236 559
+4 1118
+1 1118 559 2
+10 1674 558 4
+3 3348
-13 2236
cfi=(105)
cfn=(596)
calls=559 84 
* 4065 1117
+1 1116 558
+5 558
+1 558
-12 2790 558

fn=(474)
1216 24 6 4
cfi=(105)
cfn=(476)
calls=6 84 
* 45 12

fn=(582)
1287 1305
-1 2610 1305
-6 13050
+13 5220 1305 6
+17 4 1 1
+4 1304
+5 5216
cfi=(136)
cfn=(592)
calls=1304 61 
* 28846 7824 771
* 1304
+6 1304
-1 1304
+1 2608
+2 2608 1304 4
+27 2608
+1 10432
-24 5 0 0 1 1
cfn=(584)
calls=1 808 
* 337 48 21 3
* 2 1
+6 1118
+1 1677 559 3
+2 1677 559
+11 1118 559 2
+1 4
cfi=(103)
cfn=(588)
calls=1 425 
* 614 135 6 12 1
* 2
-57 3912
+1 2608 1304
+3 3912 1304
+2 24793 8078 4
-2 16528 7519 745
+39 2236
-35 559
+11 2795 559 2
+17 2236 0 0 559 1
cfn=(584)
calls=559 808 
* 64950 10054 17 559 1
* 1116 558 2

fn=(584)
808 21804 7268
+7 7268
-8 36340
+8 36336 14535 1
+35 14536 7268 3
+3 13416 6708
+3 20124
+1 20124 6708
+1 26832 13416 2
+4 6708
+1 26832
-45 2 1 1
+12 2 1
+9 4 1
+8 1
-4 1
+3 2
-2 2
-3 1
+1 2
+5 1
-1 1
+1 3 2
+1 2
+3 1120
+12 1680
-12 560
cfn=(586)
calls=560 494 
* 52656 7819 15 559 1
-31 2
cfi=(103)
cfn=(462)
calls=1 395 
* 283 39 18 3
+1 6

fn=(534) _IO_file_close
1250 10 2 2
+1 2

fn=(530)
160 6 2
-2 4
+9 2
-9 2
+5 10 2
+6 2
+3 2
-3 2
cfi=(103)
cfn=(532)
calls=2 1049 
* 14 4 4
+3 4 2 2
+4 6 2 2
+9 10
cfi=(103)
cfn=(470)
calls=2 380 
* 349 66 19 2 1
+1 4
+3 2
-3 2
+1 6
+2 2
cfi=(103)
cfn=(528)
calls=2 60 
* 6 2 2
+5 4
-4 2
+1 2
+1 2
+2 2
+1 8
-23 6 0 0 2 1
cfn=(534)
calls=2 1250 
* 12 2 2
* 4

fn=(436)
249 14
+11 4 2
+2 6 2 2
+25 24 10 1
+41 12
cfn=(438)
calls=2 214 
* 90 12 4
+3 2
-3 2
+3 2 2
+17 6
cfi=(106)
cfn=(444)
calls=2 53 
* 48 4 2
+1 2
-1 2
+1 2 2 2
-83 2
-1 2
-15 4
425 2
-76 2
+76 14

fn=(546)
200 2
+1 2
-1 2
+1 2 2 2
+6 4
+1 2
-1 2
cfi=(103)
cfn=(548)
calls=2 639 
* 38 8 6

fl=(108)
fn=(454)
279 5200
+11 520
-11 1040
+11 1040
+1 520
fi=(114) /build/glibc-GKVZIf/glibc-2.23/stdio-common/../include/scratch_buffer.h
79 520
fe=(108)
291 520
fi=(114)
78 2080
fe=(108)
341 3120
+6 1562 520 4
+3 2600 1040
+4 520
+20 520
-20 520
+20 520
-13 1040
+6 520
+2 1560
+5 520
-5 520
+5 3120 1040 4
2671 520
315 520
-30 520
-1 1040
+95 520
2671 520
2215 1040
334 1040
-4 520
-1 520
-1 1040
-1 520
-32 520
-12 520
2215 520
383 10818 3606 519
+37 9261 3087 4
+23 3087
+1 3087
-1 3087
+1 3087 3087 7
+3 7715 1543 4
3024 4160 1560 6
fi=(114)
86 2600 520 5
fe=(108)
3027 1560 520 5
+3 1040 520 1
+17 2076 519 2
+6 4680
449 7715
347 1036 518 2
+3 2
+24 3120 520 4
3035 2 1 1
466 1544
223 1544
+1 3088
489 6176 1544 4
-6 4632
+24 3088 1544 2
+21 1544
+7 1544
-7 4632 1544 2
+10 15440 1544 0 1544 3
+80 3088 1544
+5 3088
-1 1544
+1 1544 1544 516
+1 2080 520 3
+3 1544
+1 6176
-1 3088
+1 1544
-1 1544
+1 7720
+6 15396 2568 5
+3 5128
-3 5128
+3 7698 2564 4
-3 6
+3 9 3 3
-3 5136 2568 8
+3 1550 1
+1 3088
+1 7720
-1 1544
+1 6173 1544 1
+4 1543
-4 3086
cfi=(103)
cfn=(486)
calls=1543 +34 
* 23145 3086 4
+4 12344 1543 0 1543 3
-19 1560 520 4
-73 12 3
+8 6
+75 8
cfi=(103)
cfn=(456)
calls=4 348 
* 982 156 60 18 5
* 12 5 4
+2 3088
+7 8 1 0 1 1
507 13896 1544 2
288 519
3014 4152 519
+3 8294 1038 2
+1 4152 1038 4
-1 2076 1038 6
538 3082
1404 13862 3081 1
+5 1540
-5 1540
+5 3080 1540 2
+9 7700 3080 265
+3 260
261 260
1421 780
261 260
1421 260
261 520 260
+3 780
1424 1820 260
+2 2080 520
+11 780 260 2
1748 7700
fi=(114)
114 6160
fe=(108)
1739 15700 7850 1
+2 7850 3925 2
+5 23550 6310 1458
+64 4620 1540
+7 4620 1540
+1 3080 1540 501
+28 9240 1540
cfi=(103)
cfn=(486)
calls=1540 673 
* 23100 3080 4
* 1540
261 3080 1540
+3 6160
1850 3080 1540
+17 1540
+1 4620
-1 1540
+1 1540
-1 3080 1540
+1 1540
cfi=(112)
cfn=(488)
calls=1540 98 
* 192301 44208 1561
+6 4620 1540
+3 6160 1540
+2 3080 1540
+4 3080 1540 2
2458 4629
643 1
1396 1
+1 1
-2 1
+2 1
-1 1540
+1 1540
-2 1540
+2 1540
1918 24 3
+1 9 3
+8 9 3 2
+13 18 3
+21 6 3
+64 15 6 1
261 6 2
+3 6
2028 14 2
+2 8
+1 18 4 2
-7 4
+22 2
+16 6
+66 2
-66 6
fi=(114)
114 6
fe=(108)
2128 8
-66 3
+66 1
-66 3
fi=(114)
114 3
fe=(108)
2128 4
261 14 7 2
+3 21
2166 81 17 5
+4 10
-4 10
+4 40
2051 20 10
2170 3
2051 6 3
+6 39 13 8
+5 12 6 4
+33 12
+4 6
-4 6
+2 12 6 3
+2 12 3
+1 12 3 2
+13 18 3 2
261 9 3
+3 9
2113 21 3
+2 6 3 2
+2 3
+49 15 6 2
+7 6 3
+8 15 3
2418 3
-10 3
+10 12 6 2
261 6 3
+3 9
2426 6 3
+6 3
+2 3
-2 3 3 1
+7 3
+2 9
-2 3
+2 3
-2 3 3
+2 3
cfi=(116)
cfn=(496)
calls=3 51 
* 1970 338 136
+2 21 6
+1 42 9 2
+10 6 3 1
643 1540
-4 3083
+4 6
1404 2
+2 6 1
1743 2385
261 7155 2385
+3 7155
1805 9540
+2 23850 4770
-59 7700 3080 2
1441 3840 1280 2
+3 6160 1540
3017 4
cfi=(103)
cfn=(456)
calls=2 348 
* 211 40 14 6
* 18 2
1444 4620 1540 2
2062 18 6 4
1107 4
288 519
3019 2589 519 2
cfi=(103)
cfn=(486)
calls=517 673 
* 7755 1034 2
* 517
2110 9 3
+37 6 3 2
-77 12 6
+1 36 6 3
264 3
1937 6
1820 3232 808 2
+65 3080 1540 1
250 1
2024 1
1924 3
-22 15400 1540
-15 3080 1540
+1 4620 1540 2
2159 18 3
cfi=(103)
cfn=(486)
calls=3 673 
* 45 6 2
* 3
288 9

fl=(131) /build/glibc-GKVZIf/glibc-2.23/string/../sysdeps/x86_64/multiarch/memset.S
fn=(562) memset
28 1
+1 1
+1 1
+1 1 1 1
+9 1

fl=(141)
fn=(608)
29 619
+1 619
+1 619 619 8
+13 619
+1 619 619 5
+16 619 619
+1 619
+1 619
+1 619
+1 619
+1 619
+1 619 619 6
+5 619
+1 619
+1 619
+1 619
+1 619

fl=(98)
fn=(402)
28 1
+1 1
-1 2
+1 2 1 1
+5 3

fl=(86) /build/glibc-GKVZIf/glibc-2.23/csu/../csu/init-first.c
fn=(334) _init
52 8
+6 3 1 1
+14 1
fi=(88) /build/glibc-GKVZIf/glibc-2.23/csu/../sysdeps/unix/sysv/linux/x86_64/init-first.c
-36 1
fe=(86)
+34 1
+1 1
fi=(88)
-35 3
fe=(86)
+36 1
fi=(88)
-36 3
fi=(87) /build/glibc-GKVZIf/glibc-2.23/csu/../sysdeps/generic/dl-hash.h
+12 3
+14 4
-17 3 1 1
+3 9
+14 12
-17 9 3 2
fi=(88)
-9 3 1
+2 2
-2 1
+2 2
cfi=(48)
cfn=(182)
calls=1 -11 
* 6 1 1
+1 2 1 1
+5 2
-3 2
+1 1
+2 1
cfi=(48)
cfn=(182)
calls=1 -17 
* 6 1 1
fe=(86)
+42 3
fi=(88)
-41 2
+1 1
fe=(86)
+40 1
cfi=(89) /build/glibc-GKVZIf/glibc-2.23/misc/init-misc.c
cfn=(340) __init_misc
calls=1 -55 
* 48 5
+8 1
cfi=(91)
cfn=(344)
calls=1 -63 
* 16
+5 6
-34 1
-7 1
+7 4 1 1
fi=(88)
-25 2
fe=(86)

fl=(89)
fn=(340)
31 2 1
-1 3
+1 4 1
+2 3
cfi=(90)
cfn=(342)
calls=1 -9 
* 24 3
+4 5
+1 3
+2 4

fl=(145)
fn=(620)
35 744 372 3
+2 372
+1 372
+1 744 372
+8 1860

ob=(1)
fl=(15) /build/glibc-GKVZIf/glibc-2.23/elf/dl-object.c
fn=(32) _dl_new_object
61 56
+1 4
cfi=(11) /build/glibc-GKVZIf/glibc-2.23/string/../sysdeps/x86_64/strlen.S
cfn=(22) strlen
calls=4 +4 
* 82 9 1
+6 4
-6 8
+6 8 4 3
+7 16
cfi=(17) /build/glibc-GKVZIf/glibc-2.23/elf/dl-minimal.c
cfn=(36) calloc
calls=4 +28 
* 209 20 11 8 2
* 4 0 0 4 1
+3 4
-3 4
+3 4 4
+4 4
+5 8
-6 4
+6 4
-5 4
+3 8
+2 4
cfi=(18) /build/glibc-GKVZIf/glibc-2.23/string/../sysdeps/x86_64/multiarch/../memcpy.S
cfn=(46) memcpy
calls=4 -26 
* 111 30 15
+10 4
-10 4
+10 4
-8 4
+9 8
-1 12
+1 12
+3 4
-4 4
+1 4
+3 4 4 4
+9 4
-7 4
+4 4
+3 10 4 3
+2 2
-2 2 1 1
+2 30
-2 30 15 9
+12 4
+6 4
-5 4
-1 4
+6 20 4 1
+2 3
+3 3
-3 3
+3 3 3
-3 6
+7 9 3
+4 6 3 3
+2 5 1
+6 1
+6 1
-3 2
+3 5 1 1
-3 6
+3 6 3
+2 9
cfi=(11)
cfn=(22)
calls=3 -91 
* 100 8 1
+4 3
-4 12
+4 9 3
+64 6
+4 32
68 40
+34 11
+39 12 3 3
+70 9
cfi=(25) /build/glibc-GKVZIf/glibc-2.23/string/../sysdeps/x86_64/memcpy.S
cfn=(70) mempcpy
calls=3 61 
* 97 24 11
* 53
+6 50
-1 50
+1 53 50 22
-1 3
+1 9 3 3
+5 6
-89 2 1 1
+32 6
cfi=(17)
cfn=(40) malloc
calls=3 -71 
* 87 9 3 3
* 3 0 0 3
+1 3
-1 3
+1 9 3
+2 1
-35 2

fn=(48) _dl_add_to_namespace_list
32 20
+2 8 0 0 4 1
cfi=(2)
cfn=(50)
calls=4 688 
* 8
+2 4
-2 4
+2 27 4 3
+3 27 9 6
+2 3
+2 3
+4 3
+4 3
-4 6
+1 3
+4 6
-4 3
+1 3
+3 3
-3 3
+2 3 0 0 3
cfi=(2)
cfn=(52)
calls=3 694 
* 6
-4 1
+4 1
-4 2
+1 1
+4 2
-4 1
+1 1
+3 1
-3 1
+2 1 0 0 1 1
cfi=(2)
cfn=(52)
calls=1 694 
* 2
-5 2

fl=(17)
fn=(36)
103 10
+8 30
-4 10
+4 20 10 9
+3 10
cfn=(40)
calls=10 -20 
* 347 34 13 10 1
* 10 0 0 10 1

fn=(80) strsep
354 12 6
+2 6
+1 12 6 2
+4 196 4
+7 516 172 5
-2 348 174 13
+6 4
+7 2
+4 2
-4 2
+4 4
-7 86
-15 262 86 6

fn=(44) __libc_memalign
52 93
+1 123 31 1
+11 90
+3 30
-3 30
+3 60 30 4
-3 3
+3 1
-3 1
+3 114 29 25
+4 12
+1 6 3
+6 24
cfi=(26) /build/glibc-GKVZIf/glibc-2.23/misc/../sysdeps/unix/sysv/linux/wordsize-64/mmap.c
cfn=(72) mmap
calls=3 -45 
* 99 9 7
+2 15 3
+4 9
+3 3
+1 3
+2 15
-3 28
+1 28
+2 140
-31 2
-1 5

fn=(40)
94 30
+1 60
cfn=(44)
calls=30 -43 
* 858 98 33
* 30 0 0 30 1

fn=(86) free
120 3
+2 9 3
+7 6

fl=(25)
fn=(70)
61 53
+4 53 53 2
+3 51
+1 51 51 30
+2 14
+1 14
+2 14
+1 14
+5 14
+1 14 14 2
-1 37
+1 37 37 9
+2 34
+1 34
+2 34
+1 34
+5 34
+1 34 34 16
-1 17
+1 17 17 12
+2 12
+1 12
+2 12
+1 12
+5 12
+1 12 12 6
-1 39
+1 39 39 9
+2 28
+1 28
+2 28
+1 56
+5 28
+1 28 28 10
-1 23
+1 28 23 13
+5 5
+1 5
+1 5
+1 5
+2 5
+2 5
+1 5
+2 5 5
+6 51
+4 51
+12 3
+2 3
+1 3 3 2
+26 3
+1 3 3
+3 3
+1 3
+1 3 3
+5 3
+2 3
+1 3
+1 3
+1 3
+2 3
+1 3
+1 3
+1 3
+2 3
+1 3
+2 3 3 2
+22 3
+2 3 3 1
+2 2
+7 2

fl=(67) /build/glibc-GKVZIf/glibc-2.23/elf/../elf/dl-runtime.c
fn=(258) _dl_fixup
66 26
+5 26
-5 13
+3 26
+3 13
-1 26
-3 13
+5 78
+1 13
-1 13
+1 26
+5 26 13
+4 26 13
+4 39 13
+4 13
+1 65
+2 52
+7 26
-1 13
+1 13 13
+10 117
cfi=(6) /build/glibc-GKVZIf/glibc-2.23/elf/dl-lookup.c
cfn=(170) _dl_lookup_symbol_x
calls=13 806 
* 12694 1735 136 76 12
* 13
+4 65 13
+10 78 26
+16 13
-8 13
+8 39 13 3
+4 39 13
fi=(5) /build/glibc-GKVZIf/glibc-2.23/elf/../sysdeps/x86_64/dl-machine.h
+90 13
fe=(67)
-86 39
fi=(130) /build/glibc-GKVZIf/glibc-2.23/elf/../sysdeps/x86_64/dl-irel.h
32 2 0 0 2 2
cob=(3)
cfi=(51)
cfn=(192)
calls=1 +5 
* 66 6 4
cob=(3)
cfi=(131)
cfn=(562)
calls=1 -4 
* 5 1 1
* 2
fe=(67)

fl=(18)
fn=(46)
61 22
+2 22
+2 22 22 6
+3 20
+1 20 20 14
+2 4
+1 4
+2 4
+1 4
+5 4
+1 4 4 2
-1 16
+1 16 16 8
+2 8
+1 8
+2 8
+1 16
+5 8
+1 8 8 4
-1 12
+1 12 12 10
+2 4
+1 4
+2 4
+1 4
+5 4
+1 4 4
-1 16
+1 16 16 7
+2 14
+1 14
+2 14
+1 14
+5 14
+1 14 14 9
-1 6
+1 15 6 2
+5 9
+1 9
+1 9
+1 9
+2 9
+2 9
+1 9
+2 9 9
+8 20
+8 9
+6 9
+2 9
+1 9 9 6
+3 3
+1 9
+5 3
+1 3
+2 3
+2 3
+1 3
+2 3 3 2
-8 2
+1 2
+2 2
+2 2
+1 2
+2 8 2
+9 3
+1 3 3
-1 6
+1 6 6
+3 9
+1 9
+1 9 9 2
+5 7
+2 7
+1 7
+1 7
+1 7
+2 7
+1 7
+1 7
+1 7
+2 7
+1 7
+2 7 7 4
+22 9
+6 9
+1 9 9 8
+2 2

fl=(14) /build/glibc-GKVZIf/glibc-2.23/string/../sysdeps/x86_64/multiarch/../memcmp.S
fn=(30) bcmp
24 19
+1 19 19
+1 19
+1 19 19 2
+1 19
+1 19
+1 19
+1 19 19
+3 19
+1 19 19 12
+1 6
+1 6
+1 6
+1 6 6
+1 6
+1 6
+1 6 6 1
+2 18
+1 18 18 6
+1 6
+1 6
+1 6
+1 6 6
+1 6
+1 6
+1 6 6
+2 18
+1 18 18 10
+1 6
+1 6
+1 6
+1 6 6 2
+1 2
+1 2
+1 2 2
+2 14
+1 14 14 6
+1 8
+1 8
+1 8
+1 8 8 4
+1 1
+1 1
+1 1 1 1
+2 6
+1 6
+1 6
+1 6
+1 6
+1 6
+1 6 6 3
+1 3
+1 3
+1 3
+1 3
+1 3
+7 3
+2 4
+4 12
+1 12 12 7
+1 3
+1 3
+1 3
+1 3
+1 3
+1 3
+1 3
+1 3
+1 3
+1 3
+1 3
+4 12
+1 12

fl=(31) /build/glibc-GKVZIf/glibc-2.23/elf/dl-tls.c
fn=(146) _dl_next_tls_modid
49 1
+3 4 1
+48 1
+4 2

fn=(162) _dl_allocate_tls_storage
354 3
+2 1
+11 3
cfi=(17)
cfn=(44)
calls=1 52 
* 76 7 4
* 1 0 0 1
+1 2 1
+7 2
+4 1
-57 1
+57 296 288 10
-58 2
+1 2
cfi=(17)
cfn=(36)
calls=1 103 
* 38 4 2 2
* 1 0 0 1
+1 2 1
+3 1
+6 2
+64 5

fn=(228) _dl_allocate_tls_init
450 2 1
-1 7
+5 1
+6 3
-6 1
+6 1 1
-4 1
+16 1
-15 3
+20 6 1
+6 16 2 1
+3 1
+1 2 1
+6 3 1
+3 1
-2 2
+2 4
+1 1
+3 1
-1 3 1
+4 2 1
+1 4 1
+2 2 1
+9 6
cfi=(25)
cfn=(70)
calls=1 61 
* 23 7 5
* 4
cfi=(27) /build/glibc-GKVZIf/glibc-2.23/string/../sysdeps/x86_64/multiarch/../memset.S
cfn=(74) memset
calls=1 53 
* 30 3 1
* 2
-38 3 1 1
+52 2
+2 1
+1 8

fn=(198) _dl_add_to_slotinfo
890 3
+9 1
-9 1
+6 2
+8 5 1
+41 1
+1 3
+1 4

fn=(160) _dl_determine_tlsoffset
138 7
+6 3 1
+3 2 1
+36 3 1
+2 10 1
+3 1
-1 1
+5 2
-5 3
+3 3
+2 5 1
+16 3
+2 2
-2 2
+2 2 1 1
+10 1
-37 2
+25 1
-25 4 1
+40 4
+1 1
+51 1
+1 8

fn=(90) _dl_count_modids
115 2 1
+1 2

fl=(41) /build/glibc-GKVZIf/glibc-2.23/io/../sysdeps/unix/sysv/linux/wordsize-64/xstat.c
fn=(138) _xstat
34 8
-1 8
+1 8 8
+1 48 8 4
+4 2
-4 24

fl=(27)
fn=(74)
53 12
+1 12
+1 12
+1 12
+1 12
+2 12
+1 12 12 4
+1 10
+1 10 10 9
+15 2
+1 2
+1 2
+1 2
+1 2
+1 2
+1 2
+1 2
+1 2
+1 2
+1 2
+1 2
+1 2
+1 4 2
+3 2
+1 2
+1 2
+1 2
+1 2
+1 2
+1 2 2 1
-6 34
+1 34
+1 34
+1 34
+1 34
+1 34
+1 34 34 7
+1 2
+3 10
+1 10
+1 10 10 6
+1 3
+1 3 3 2
+1 1
+1 1 1 1
+3 1
+1 1 1
+1 1
+1 1
+2 2
+1 2
+1 2
+2 7
+1 7
+1 7

fl=(32) /build/glibc-GKVZIf/glibc-2.23/elf/dl-error.c
fn=(96) _dl_catch_error
163 12
+15 6
-3 12
+1 12
-13 12
+14 12
+1 6
+2 6 0 0 6 1
cfi=(2)
cfn=(98) _dl_initial_error_catch_tsd
calls=6 648 
* 12
+2 6
-1 6
+4 6
-3 12
+3 6
-4 6
+4 6
cfi=(33) /build/glibc-GKVZIf/glibc-2.23/setjmp/../sysdeps/x86_64/setjmp.S
cfn=(100) __sigsetjmp
calls=6 26 
* 120
* 18 6
+2 18 0 0 6 2
cfi=(40) /build/glibc-GKVZIf/glibc-2.23/elf/dl-deps.c
cfn=(134) openaux
calls=5 60 
* 12983 2290 544 48 10
cfi=(2)
cfn=(102) map_doit
calls=1 480 
* 2372 401 146 13 1
+1 12
+2 6
+1 6
-3 6
+1 12
+1 6
+9 6
-8 6
+8 18

fn=(148) _dl_receive_error
205 10
+1 1 0 0 1 1
cfi=(2)
cfn=(98)
calls=1 648 
* 2
+5 1
-1 1
-4 1
+9 1
+2 1
-3 1
+3 1 0 0 1 1
cfi=(2)
cfn=(150) version_check_doit
calls=1 513 
* 5789 823 190 39 9
+2 1
+1 1
+1 8

fl=(23) /build/glibc-GKVZIf/glibc-2.23/elf/dl-hwcaps.c
fn=(66) _dl_important_hwcaps
39 6
+3 1
-3 2
+3 1
-1 1
+1 1
+9 1
-12 4
+12 2 1 1
+10 4 1 1
162 2 1 1
-47 3
cfi=(24) /build/glibc-GKVZIf/glibc-2.23/io/../sysdeps/unix/syscall-template.S
cfn=(68) access
calls=1 -31 
* 9 1 1
* 2 1 1
+55 3 1
+2 2
+1 5
+4 2
+4 1
-4 1
+1 1
+3 1 1
+3 1
+1 1
-1 1 1
+4 3
+1 1
-1 9
+1 1 1 1
+18 10
+1 2
-1 1
+1 3
cfi=(17)
cfn=(40)
calls=1 94 
* 29 3 1 1
* 1 0 0 1
+1 1
-1 1
+1 5 1
+29 1
+3 1
-3 2
+3 1 1 1
+23 7
+6 2
-1 2 1 1
+1 6
-1 8 3 2
+5 6
+3 1
-3 1
+3 1 1
-3 3
+3 1
-3 1
+3 5 1
+1 12 4 1
+1 4
-1 4
+1 8
-2 4
+1 8 4 1
-1 14 4 2
+4 4 2 1
+4 1
-1 1
+2 1
-2 1
+1 1
+1 1
-2 1
+2 10 1 1
+13 2
+1 1
-1 1
+3 2 1 1
-3 2
+1 1
-1 1
+3 2 1
+3 4
+3 1
-1 1
+1 9
113 1
+17 1
+1 1
-1 9
243 6
cfi=(25)
cfn=(70)
calls=1 61 
* 22 6 3
* 4
cfi=(25)
cfn=(70)
calls=1 61 
* 18 6 4
+1 4
cfi=(25)
cfn=(70)
calls=1 61 
* 22 6 3
* 4
cfi=(25)
cfn=(70)
calls=1 61 
* 18 6 4
* 12

fl=(9) /build/glibc-GKVZIf/glibc-2.23/elf/../sysdeps/unix/sysv/linux/dl-sysdep.c
fn=(60) _dl_discover_osversion
45 7
+2 3 1 1
+85 8
-45 3
cfi=(21) /build/glibc-GKVZIf/glibc-2.23/posix/../sysdeps/unix/syscall-template.S
cfn=(62) uname
calls=1 -3 
* 5 1
* 1
+15 1
-15 1 1
+20 1
-1 1
+3 12 3
+4 3
-2 6
+2 9 3 3
+7 3
-1 3
+4 3
-2 3
+2 10 5 3
+5 2 1 1

fl=(6)
fn=(174) check_match
92 792
+3 693 198 6
+12 594 99 1
+3 520 99 16
cfi=(19) /build/glibc-GKVZIf/glibc-2.23/string/../sysdeps/x86_64/multiarch/../strcmp.S
cfn=(54) strcmp
calls=31 +34 
* 1202 141 51 10 10
* 62 31
+5 99
-1 99
+1 99 99 5
+2 190 95 1
+19 190
+1 760 95 10
+46 99
-7 99
+7 495
-18 8 4
+2 4
+1 16
-1 20 4 2
-29 285
cfi=(19)
cfn=(54)
calls=95 +6 
* 2343 291 18 1
* 285 95

fn=(170)
806 1166
568 106
806 424
568 530 106
+1 106
-1 106
+1 318
-1 318 106 11
+1 1306
-1 1306
+1 3918
-1 4130 1306 138
808 106
+4 106
+4 106
-8 106
+1 212
+7 296 201 11
+7 106
-2 106
+2 106
-2 106 106
+6 106
-7 106
+7 212 106
-7 636
+15 7 7 2
-8 35 7 2
+2 1484
cfn=(172) do_lookup_x
calls=106 355 
* 48411 7275 547 111 20
+3 318 106 2
+26 212 106 2
+22 99
+1 693 198
+31 99
+9 495 99
+14 297 99 4
+3 396 99
+5 99
+2 848
-85 49 14 2
+16 7
+1 14
+59 2

fn=(10) _dl_setup_hash
956 15 5
+4 5
+4 10
+2 5
-1 5
+3 15 5
+1 5
+1 5
+3 5
-3 5
+7 5
-4 5
-1 5
+3 5
+2 5
-7 5
+7 5
+1 5

fn=(172)
355 742
+1 106
-1 530
+48 106
-30 106
-11 106
+41 106
+7 212
-7 212
-30 424
+37 424
-44 212
+3 212 106
-3 628
+3 628 314
+4 848 424 20
+4 838 419
+4 838 419 2
+6 1257 419
+8 419
-4 419
+1 419
+3 838
+1 1257
+3 419
+1 838 419
+2 838
+8 419
-8 419
+8 4190 419 124
-99 320
553 2332 884 58
+1 136
cfi=(34) /build/glibc-GKVZIf/glibc-2.23/elf/dl-misc.c
cfn=(106) _dl_name_match_p
calls=68 288 
* 7542 919 82 100 10
* 204 68
+3 963 321 21
+3 7
+1 848
-92 198 99
+50 732 267 20
+4 45 15
+12 198
+1 99
+1 198
413 642
+2 214 107 3
+2 1352
+13 303 101 5
-10 1000 200 91
+2 198
+1 495
-1 99
+1 693
-1 99
+1 297
cfn=(174)
calls=99 92 
* 8954 1251 110 11 10
+4 297 99 8
+34 10 5 3
+94 35
439 891

fl=(19)
fn=(54)
144 365
+1 365
+2 365
+1 365
+21 365
+1 365 365 98
+1 253
+1 253 253 28
+1 197
+1 197
+1 197
+1 197
+21 197
+1 197
+1 197
+1 197
+1 197
+1 197
+1 197 197 44
+5 7
+1 7
+9 7
+1 7
+1 7
+1 7
+1 7
+1 7
+1 7
+1 7 7 1
-7 168
+1 168
+1 168
+1 168
+1 168
+1 168
+1 168
+1 168 168 1
+1 173 173 33
+1 139
+1 139
+1 139
+2 139
+1 139
+1 139
+1 139
+1 139
+1 139 0 0 139 27
-5 34
+1 34
+1 34
+1 34
+1 34
+1 34 0 0 34 14
+10 2
+1 2
+1 2
+2 2
+6 2
+1 2
+1 2
+1 2
+1 2
+5 2 2 1
+2 1
+1 1
+1 2
+8 1
+1 1
+3 1
+1 1
+1 1
+1 1
+1 1
+1 1 1 1
821 1
+1 1
+1 1
+1 1
+1 1
+2 1
+1 1
+1 1
+1 1
+1 1
+1 1
+1 1 1
+1 1
+4 1
+1 1
+1 1
+6 1
+1 1
+1 2
+4 1
+1 1 1
+3 1
+1 1
+1 1
+3 1
+1 1
+1 1
+6 1
+1 1
+1 1
+1 1
+1 1
+1 1 1
1071 2
+1 2
+1 2
+1 2
+1 2
+2 2
+1 2
+1 2
+1 2
+1 2
+1 2
+1 2 2 2
+1 1
+4 1
+1 1
+1 1
+6 1
+1 1
+1 2
+4 1
+1 1 1
+3 1
+1 1
+1 1
+3 1
+1 1
+1 1
+6 1
+1 1
+1 1
+1 1
+1 1
+1 1 1 1
+72 4
+1 4
+1 4
+1 4
+1 4
+2 4
+1 4
+1 4
+1 4
+1 4
+1 4
+1 4 4 4
1321 31
+1 31
+1 31
+1 31
+1 31
+2 31
+1 31
+1 31
+1 31
+1 31
+1 31
+1 31 31 10
1446 14
+1 14
+1 14
+1 14
+1 14
+2 14
+1 14
+1 14
+1 14
+1 14
+1 14
+1 14 14 10
+1 1
+4 1
+1 1
+1 1
+6 1
+1 1
+1 2
+4 1
+1 1 1
+3 1
+1 1
+1 1
+3 1
+1 1
+1 1
+6 1
+1 1
+1 1
+1 1
+1 1
+1 1 1 1
+72 4
+1 4
+1 4
+1 4
+1 4
+2 4
+1 4
+1 4
+1 4
+1 4
+1 4
+1 4 4 3
+1 3
+4 3
+1 3
+1 3
+6 3
+1 3
+1 6
+4 3
+1 3 3
+3 3
+1 3
+1 3
+3 3
+1 3
+1 3
+6 3
+1 3
+1 3
+1 3
+1 3
+1 3 3 3
+72 15
+1 15
+1 15
+1 15
+1 15
+2 15
+1 15
+1 15
+1 15
+1 15
+1 15
+1 15 15 7
1821 6
+1 6
+1 6
+1 6
+1 6
+2 6
+1 6
+1 6
+1 6
+1 6
+1 6
+1 6 6 3
+1 4
+4 4
+1 4
+1 4
+6 4
+1 4
+1 8
+4 4
+1 4 4
+3 4
+1 4
+1 4
+3 4
+1 4
+1 4
+6 4
+1 4
+1 4
+1 4
+1 4
+1 4 4 4
+72 5
+1 5
+1 5
+1 5
+1 5
+2 5
+1 5
+1 5
+1 5
+1 5
+1 5
+1 5 5 1
+1 5
+4 5
+1 5
+1 5
+6 5
+1 5
+1 10
+4 5
+1 5 5
+3 5
+1 5
+1 5
+3 5
+1 5
+1 5
+6 5
+1 5
+1 5
+1 5
+1 5
+1 5 5 4
+72 91
+1 91
+1 91
+1 91
+1 91
+2 91
+1 91
+1 91
+1 91
+1 91
+1 91
+1 91 91 12
2200 16
+2 16
+1 16
+1 16
+1 16 16 5
-3 159
+1 159
+1 159
+1 159 159 14
+1 417
+5 139
+6 139
+1 139
+8 139
+1 139
-16 226
+6 226
+1 226
+8 226
+1 226

fl=(29) /build/glibc-GKVZIf/glibc-2.23/string/strdup.c
fn=(82) strdup
40 24
+1 6
cfi=(11)
cfn=(22)
calls=6 +25 
* 168 16 3
* 6
+1 12
cfi=(17)
cfn=(40)
calls=6 +52 
* 174 18 6 6
* 6 0 0 6
+2 12 6
+4 6
-1 12
+1 12
-1 12
cfi=(18)
cfn=(46)
calls=6 +14 
* 184 43 19

fl=(36) /build/glibc-GKVZIf/glibc-2.23/io/../sysdeps/unix/sysv/linux/wordsize-64/fxstat.c
fn=(120) _fxstat
34 4
-1 4
+1 4 4
+1 24 4
+4 4

fl=(73) /build/glibc-GKVZIf/glibc-2.23/elf/dl-open.c
fn=(284) _dl_find_dso_for_object
182 5 1
+1 4 1
+1 16 8 3
+1 2 1 1
+3 2 1
+4 1
-9 9 3 3

fl=(11)
fn=(22)
66 23
+1 23
+1 23
+1 23
+1 23
+1 23
+1 23
+2 23
+2 23 23 2
+30 21
+1 21
+1 21
+1 21
+1 21 21 9
+1 9
+1 9
+4 12
+1 12
+1 12
+1 12
+1 12
+1 12
+1 12
+1 12
+1 12
+1 12
+1 12
+1 12
+5 96 12
+4 2
+1 28
+1 16 2

fl=(28) /build/glibc-GKVZIf/glibc-2.23/string/../sysdeps/x86_64/multiarch/../strchr.S
fn=(76) index
24 13
+1 13
+1 13
+1 13
+1 13
+1 13
+1 13
+1 13 13
+1 13
+1 13
+1 13
+1 13
+1 13
+1 13
+1 13
+1 13
+1 13 13 5
+1 8
+4 8
+1 8
+1 8
+1 8
+2 8
+4 5
+1 5
+1 5
+1 5
+1 5
+1 5
+1 5
+1 5
+1 5
+1 5
+1 5
+1 5
+1 5
+1 5
+1 5
+1 5
+1 5
+1 5
+1 5
+1 5
+1 5
+1 5
+1 5
+1 5 5 5
+52 5
+4 5
+1 5
+1 5
+1 5
+2 5

fl=(10) /build/glibc-GKVZIf/glibc-2.23/elf/../sysdeps/unix/sysv/linux/x86_64/brk.c
fn=(18) brk
31 7 1
+8 1
-6 2 1
+7 1

fl=(1) ???
fn=(0) 0x0000000000000cc0
0 2
cfi=(2)
cfn=(2) _dl_start
calls=1 337 
0 116634 19661 2192 352 88
0 14
cfi=(64) /build/glibc-GKVZIf/glibc-2.23/elf/dl-init.c
cfn=(238) _dl_init
calls=1 80 
0 65102 14191 2226 43 29
0 3 0 0 1 1
cob=(5)
cfi=(65)
cfn=(374) _start
calls=1 0 
0 738396273 15909050 67519 14676 436

fl=(21)
fn=(62)
84 4 1
+1 1

fl=(7) /build/glibc-GKVZIf/glibc-2.23/elf/../elf/dl-sysdep.c
fn=(12) _dl_sysdep_start
86 8
+25 1
-1 1
+1 174 56 10
+6 1
-3 1
+1 1
-4 1
+3 1
+3 4 1
+1 2
-1 25
+1 105 18 1 17 13
-1 102 28 11
+62 1
+1 1
-1 1
+1 1
-29 1
+1 2
+11 1
+1 1
-1 1
+1 1
-7 1
+1 1
-1 1
+1 1
-4 1
+1 2
-25 1
+1 2
-4 1
+1 2
-7 1
+1 1
+2 1
+1 1
fi=(9)
-90 2
cfi=(10)
cfn=(18)
calls=1 -4 
* 11 2
fi=(5)
223 5 2 1
fi=(8) /build/glibc-GKVZIf/glibc-2.23/elf/../sysdeps/x86/cpu-features.c
61 2
+3 1
-3 1
+3 9 1 1
175 3 1
+1 1
+3 2 1
+1 1
+2 2 1
+1 7
+7 3 1
+4 2
+2 4 1 1
+51 2 1 1
fe=(7)
-16 1
fi=(8)
+27 1
+1 1
+1 1
fe=(7)
-29 1 1
+1 1
cfi=(11)
cfn=(22)
calls=1 66 
* 32 2 1
* 1
+2 2
cfi=(12) /build/glibc-GKVZIf/glibc-2.23/elf/../misc/sbrk.c
cfn=(24) sbrk
calls=1 34 
* 17 3 1
* 3 1
+12 3 1
+3 5 0 0 1 1
cfi=(2)
cfn=(26) dl_main
calls=1 738 
* 115328 19401 2131 327 72
+1 1
+1 8
fi=(8)
-4 2 1
+1 4 2
+1 4 2 1
-49 2 1
+1 1
+6 3 1 1
+5 3 1
+16 2 1 1
+3 2 1 1
29 2
+4 1
-4 1
+5 1
-1 1
+2 1
-1 1
+1 1
-2 1
+1 1
+1 1
+1 1
-7 2
+3 1
+4 1 1
+5 1
+32 2
-32 1
+27 1
+5 1 1
+3 1
+1 8 1 0 1 1
+57 2
-66 2
+44 2 1 1
250 2 1
+1 4 1 1
fe=(7)

fn=(230) _dl_sysdep_start_cleanup
256 1

fl=(33)
fn=(100)
26 6
+9 6
+1 12
+1 6
+4 6
+1 6
+1 6
+1 6
+1 6
+2 12
+2 6
+1 6
+1 6
+2 12
+2 6
+4 6
+1 6

fl=(64)
fn=(240) call_init.part.0
28 25
+8 5
+3 5
-3 10
+3 15 5 1
+5 28 4 1
+5 6 3
+9 18 0 0 3 3
cob=(2)
cfi=(16)
cfn=(356) 0x0000000004c2f428
calls=1 -58 
* 12 2 0 1 1
cob=(3)
cfi=(86)
cfn=(334)
calls=1 -6 
* 176 15 8
cob=(2)
cfi=(16)
cfn=(242) 0x0000000004a28530
calls=1 -58 
* 63405 13863 2138 35 21
* 3
+4 6 3
+6 3
+2 6
-2 6
+3 15 3
+1 12 0 0 3 3
cob=(4) /lib/x86_64-linux-gnu/libm-2.23.so
cfi=(59) ???
cfn=(364) 0x00000000000056d0
calls=1 -72 
* 17 2
cob=(3)
cfi=(92)
cfn=(346)
calls=1 482 
* 1159 268 68
cob=(6) /usr/lib/valgrind/vgpreload_core-amd64-linux.so
cfi=(85) ???
cfn=(326) 0x0000000000000650
calls=1 -72 
* 17 2 1
* 4 0 0 1 1
cob=(3)
cfi=(94)
cfn=(354)
calls=1 -39 
* 4 1 1
* 4
-1 8 4 1
+3 30
-29 3 1 1
-5 3 1

fn=(238)
80 11
+1 1
+1 1
+3 3 1 1
+8 2 1 1
+1 2
+25 18 6 2
+1 15
-90 26 5 1
cfn=(240)
calls=4 -2 
* 1530 306 81 6 6
* 4
+96 8
-96 2 1 1
+58 2
+16 1
cfn=(240)
calls=1 -76 
* 63475 13871 2139 37 23
* 1

fl=(30) /build/glibc-GKVZIf/glibc-2.23/elf/dl-debug.c
fn=(92) _dl_debug_state
74 2

fn=(88) _dl_debug_initialize
50 10 5 5
+5 8 4 3
+5 2
-1 1
+1 2
+1 2
-1 1
+4 1
-13 5
+4 10 5 4
+4 1
-1 1
-58 5 1 1

fl=(42) /build/glibc-GKVZIf/glibc-2.23/elf/dl-cache.c
fn=(232) _dl_unload_cache
322 4 1 1
-1 1
+3 2
cfi=(38) /build/glibc-GKVZIf/glibc-2.23/misc/../sysdeps/unix/syscall-template.S
cfn=(234) munmap
calls=1 84 
* 5 1
+1 1
+2 2

fn=(140) _dl_load_cache_lookup
185 18
+8 4 2
+3 6 2 1
+45 4 1
+6 4 2
+9 2
+6 4
-6 8
+6 2
cfi=(24)
cfn=(68)
calls=2 84 
* 18 2 2
+19 2
-19 2
+19 288 28
cfn=(144) _dl_cache_libcmp
calls=18 138 
* 1284 358 44
* 84 42 15
-15 8
+15 32 6 2
cfn=(144)
calls=1 138 
* 71 20 2
* 10
cfn=(144)
calls=2 138 
* 215 59 8
* 16 5 3
-82 4
cfi=(34)
cfn=(142) _dl_sysdep_read_whole_file
calls=1 45 
* 94 10 3
+8 1
-8 1
+8 4 2
+1 4
cfi=(14)
cfn=(30)
calls=1 24 
* 38 13 3
* 2 1
+7 1
-3 1
+3 3
+3 1
+1 2
-1 1
+1 1 1
+1 4
cfi=(14)
cfn=(30)
calls=1 24 
* 32 10 5
* 2 1 1
+61 42 12 4
+16 4 2
+4 4 2
+8 6
cfi=(11)
cfn=(22)
calls=2 66 
* 68 6 2
* 4
+1 2
-1 8
+1 4
cfi=(18)
cfn=(46)
calls=2 61 
* 130 25 7
+1 4
cfi=(29)
cfn=(82)
calls=2 40 
* 218 26 8 4
+1 16
-31 18 2 2

fn=(144)
138 63
+1 48 24 2
+2 214
+2 107
-2 107 107 20
+2 6 3
+6 3
+2 3
-1 3
-1 3
+1 3
+1 12 3 2
+2 15 3 2
+2 6 3 2
+6 208 104
+2 380 104 18
+4 86
+1 86
-29 172 86 8
+32 9
-7 36

fl=(44) /build/glibc-GKVZIf/glibc-2.23/elf/dl-reloc.c
fn=(164) _dl_relocate_object
149 50
+15 5
-15 10
+15 5 5
+1 30
+6 10 5
+6 15 5 2
-18 10
+22 10 5
+7 5
-32 5
+32 5 5 2
+44 5
fi=(5)
76 15
fe=(44)
232 10
fi=(5)
76 15 10 1
+6 8
+4 12 4 1
+14 4
-8 4
+10 4
-2 8 4
+20 8 4 2
+9 3 1 1
fe=(44)
258 206 66 28
-98 24
fi=(5)
301 32
fe=(44)
-43 4
fi=(4) /build/glibc-GKVZIf/glibc-2.23/elf/do-rel.h
58 4
-10 4
-1 8
+11 4
-11 4
+11 4 4 3
fe=(44)
258 1
-98 6
fi=(5)
301 8
fe=(44)
-43 1
fi=(4)
58 1
-10 1
-1 2
+11 1
-11 1
+11 1 1 1
fe=(44)
258 5
fi=(4)
58 5
-10 5
-1 10
+11 5
-11 5
+11 5 5 1
+3 20 4 3
fi=(5)
528 72
+4 72 36
+2 108 36 1
+1 36
fi=(4)
61 168 56 4
+2 232 58 9
+2 70 22 7
-4 6 2 2
+13 8 4 2
+1 10 4 2
+1 44 22
fi=(5)
528 22
+26 22
fi=(4)
75 22
fi=(5)
554 44 0 0 22 22
cob=(4)
cfi=(59)
cfn=(226) sin
calls=1 0 
* 8 2 1
cob=(4)
cfi=(59)
cfn=(224) __atan2_finite
calls=1 0 
* 8 2 1
cob=(4)
cfi=(61) /build/glibc-GKVZIf/glibc-2.23/math/../sysdeps/x86_64/fpu/multiarch/e_asin.c
cfn=(222) __asin_finite
calls=1 16 
* 5 1
cob=(4)
cfi=(63) /build/glibc-GKVZIf/glibc-2.23/math/../sysdeps/x86_64/fpu/multiarch/s_floor.S
cfn=(220) floor
calls=1 25 
* 5 1 1
cob=(4)
cfi=(62) /build/glibc-GKVZIf/glibc-2.23/math/../sysdeps/x86_64/fpu/multiarch/s_floorf.S
cfn=(218) floorf
calls=1 25 
* 5 1 1
cob=(4)
cfi=(61)
cfn=(216) __acos_finite
calls=1 10 
* 5 1 1
cob=(4)
cfi=(60) /build/glibc-GKVZIf/glibc-2.23/math/../sysdeps/x86_64/fpu/multiarch/s_rintf.S
cfn=(214) rintf
calls=1 25 
* 5 1 1
cob=(4)
cfi=(59)
cfn=(212) __log_finite
calls=1 0 
* 8 2 1
cob=(4)
cfi=(58) /build/glibc-GKVZIf/glibc-2.23/math/../sysdeps/x86_64/fpu/multiarch/e_pow.c
cfn=(210) __pow_finite
calls=1 8 
* 5 1
cob=(4)
cfi=(57) /build/glibc-GKVZIf/glibc-2.23/math/../sysdeps/x86_64/fpu/multiarch/s_ceil.S
cfn=(208) ceil
calls=1 25 
* 5 1 1
cob=(4)
cfi=(56) /build/glibc-GKVZIf/glibc-2.23/math/../sysdeps/x86_64/fpu/multiarch/s_ceilf.S
cfn=(206) ceilf
calls=1 25 
* 5 1 1
cob=(4)
cfi=(55) /build/glibc-GKVZIf/glibc-2.23/math/../sysdeps/x86_64/fpu/multiarch/s_rint.S
cfn=(204) rint
calls=1 25 
* 5 1 1
cob=(4)
cfi=(54) /build/glibc-GKVZIf/glibc-2.23/math/../sysdeps/x86_64/fpu/multiarch/s_sin.c
cfn=(202) cos
calls=1 12 
* 8 2 1
cob=(4)
cfi=(53) /build/glibc-GKVZIf/glibc-2.23/math/../sysdeps/x86_64/fpu/multiarch/e_exp.c
cfn=(200) __exp_finite
calls=1 9 
* 8 2 1
cob=(3)
cfi=(52)
cfn=(196)
calls=1 0 
* 18 3
cob=(3)
cfi=(51)
cfn=(192)
calls=1 37 
* 66 6 3
cob=(3)
cfi=(50)
cfn=(190)
calls=1 30 
* 6 1
cob=(3)
cfi=(49)
cfn=(188)
calls=1 45 
* 6 1
cob=(3)
cfi=(45)
cfn=(186)
calls=1 129 
* 5 1 1
cob=(3)
cfi=(49)
cfn=(184)
calls=1 45 
* 6 1
cob=(3)
cfi=(46)
cfn=(178)
calls=1 38 
* 66 6 4
cob=(3)
cfi=(45)
cfn=(176)
calls=1 109 
* 5 1 1
fi=(4)
75 22
fi=(5)
555 22
fi=(4)
75 28 22 15
fe=(44)
258 4 2
fi=(4)
75 16
fe=(44)
258 16 8 4
+3 20 5
+24 5
+3 10 5
+17 15 5 5
+2 40
fi=(4)
84 6
-1 6
+3 12
-3 6
+3 6
+12 18 6 2
+10 8 4 1
+3 11 4 1
fi=(5)
512 3
fi=(4)
112 6
fi=(5)
512 1198 3
fi=(4)
112 2384
fi=(5)
512 2384 1192
+5 2390 1195
+1 2390
fi=(4)
111 2390
fi=(5)
518 1195
fi=(4)
111 1195 1195 8
+7 18 6 1
+6 5
-3 10
+3 13 5 1
fi=(5)
447 12
fi=(4)
127 420 105 1
+9 210
+3 105
-3 105
+3 105
fi=(5)
269 105
fi=(4)
138 105
-2 105
+1 420
fi=(5)
269 105 105
+21 210 105
+4 210 105
+7 2050 452 9
fi=(4)
137 87
fi=(5)
301 174
fi=(4)
137 87
fi=(5)
301 87
fi=(4)
137 87
fi=(5)
301 174 87
fi=(4)
137 1
fi=(5)
301 2
fi=(4)
137 1
fi=(5)
301 1
fi=(4)
137 1
fi=(5)
301 1234 1
cfi=(6)
cfn=(170)
calls=88 806 
* 54377 7836 560 34 7
* 704
+2 273 91 2
+3 101
-3 202
+3 303 101
+6 630 105 0 105 7
fe=(44)
178 10 5 3
fi=(5)
435 267
fi=(4)
124 323 105 11
+19 8 4 4
fi=(5)
301 57 4 1
fi=(4)
108 3 1
fi=(5)
407 45 15 1
+4 75 15
+14 75
+49 3 1
+4 7
cfi=(18)
cfn=(46)
calls=1 61 
* 18 6 4
+2 4 1
+1 1 1 1
fe=(44)
313 25
+3 5
-3 10
+3 5
+4 10 5
+1 20
cfi=(38)
cfn=(124) mprotect
calls=5 84 
* 25 5
* 15 5 2
fi=(5)
123 20
+6 16 4
fe=(44)
258 3
fi=(4)
129 10
fi=(5)
301 87 12 6
fi=(4)
160 7 1
+2 20 5
+8 10
+1 5
-1 5
+1 5
fi=(5)
+98 5
fi=(4)
-99 15
fi=(5)
+99 5 5
+21 10 5
+4 10 5
+7 180 25
cfi=(6)
cfn=(170)
calls=5 806 
* 2644 370 25 1 1
* 35
+2 15 5 2
+3 2
-3 4
+3 6 2
+6 30 5 0 5 1
435 15
fi=(4)
160 17 5 3
+14 2 1 1
fi=(5)
301 6
fe=(44)

fl=(22) /build/glibc-GKVZIf/glibc-2.23/elf/dl-load.c
fn=(64) _dl_init_paths
661 1
+13 2
-13 8
+13 3
cfi=(23)
cfn=(66)
calls=1 39 
* 398 61 32 2
+5 1
-5 1
+5 1
cfi=(17)
cfn=(40)
calls=1 94 
* 29 3 1 1
* 1 0 0 1
+1 1
-2 1
+2 2 1
+8 1
-1 1
+1 2
-1 1
+1 1
-1 3
+5 1
-5 1
+5 1
cfi=(17)
cfn=(40)
calls=1 94 
* 80 7 3 1
* 1 0 0 1
+2 1
-3 1
+3 1 1
+17 1
+12 1
-9 2
+6 1
-19 1
+10 1
+12 1
-11 1
+2 1
+1 4
-15 1
+23 4
-3 21 1
cfi=(27)
cfn=(74)
calls=4 53 
* 60 12 6
* 4
+3 27 4 1
-14 3
+2 3
+1 3
+2 6
-3 3
+4 9
+4 3
-3 3
+3 3 3
+1 3
-4 9
+4 3 3 3
+10 1
+4 1
-11 1
+6 1
+6 1
-12 1
+12 1 1
+2 4 1
+2 3 1 1
+38 5 2
+8 3
cfi=(28)
cfn=(76)
calls=1 24 
* 47 3 2
* 2 1
+2 2
cfi=(11)
cfn=(22)
calls=1 66 
* 34 3 1
* 8
cfi=(18)
cfn=(46)
calls=1 61 
* 47 11 7
* 1
+4 6
+17 1
-4 4 1 1
-13 160
+17 40
-4 161 40 8
+8 1
cfi=(17)
cfn=(40)
calls=1 94 
* 29 3 1 1
* 1 0 0 1
+1 1
-2 1
+2 1 1
+6 9
cfn=(78) fillin_rpath
calls=1 433 
* 1783 387 86 15 1
+4 5 1
+6 1
+4 8
-75 1
-2 1
+2 2 1 1
+14 2

fn=(114) _dl_map_object_from_fd
871 33
+10 3
-10 3
+10 3
-10 9
+10 3
cfi=(30)
cfn=(88)
calls=3 50 
* 24 9 8
fi=(35) /build/glibc-GKVZIf/glibc-2.23/elf/../sysdeps/posix/dl-fileid.h
37 9
fe=(22)
881 3
fi=(35)
37 3
cfi=(36)
cfn=(120)
calls=3 -3 
* 30 6
* 6 3
+4 3
fe=(22)
897 3
fi=(35)
40 3
+1 3
fe=(22)
897 48 12 5
+1 18 9
fi=(35)
49 24 12 7
fe=(22)
1443 24
915 6 3
+24 6 3
+10 6 3 2
+22 12 3
+32 6 3
882 3
1006 21
cfi=(15)
cfn=(32)
calls=3 61 
* 1225 177 74 15
+1 3
-1 3
+1 3 3
+11 6
+1 3
-1 3
+2 3
-1 3
+4 3
-1 6
-2 3
+2 6
+1 9 3
+1 3
+19 3
-2 3
+10 3
-8 18
+8 3
-8 9
+8 3 3
+87 3
+8 3
-8 12
+8 3
-8 9
-86 45 21 5
-1 192 24 2
+1 135 67 24
+6 6
+1 9
+1 3
+9 30 6
+5 48 6
+9 18
-1 18
+1 6
+1 12
+2 6
-2 6
+1 6
-1 6
+3 6
+4 6
-7 6
+2 6
+1 6
+4 6 6 3
+1 18
+4 9
-14 3
+14 18
+11 3
-11 9
-14 3
+14 18
+11 3
-44 2
+1 1
+46 3 1
+4 1
+1 1
+1 1
-1 2
+1 1 1
+3 3
+1 1
+3 1
-3 1
+7 4 1
+6 1
cfi=(31)
cfn=(146)
calls=1 49 
* 8 1
* 2
+1 1
+59 6
+1 9
+1 3
-6 6
+1 3
+8 9 3
1019 3
1207 3
1019 3
1207 3 3
+10 9
fi=(37) /build/glibc-GKVZIf/glibc-2.23/elf/./dl-map-segments.h
56 6
fe=(22)
1217 9
fi=(37)
56 3
fe=(22)
1217 3
fi=(37)
56 3
fe=(22)
1217 6
fi=(37)
56 18
cfi=(26)
cfn=(72)
calls=3 -23 
* 105 12 4
+4 3
-4 3
+4 6 3
+3 6
+1 3
+2 3
-2 3
-1 3
+3 3 3 2
+10 6
fi=(39) /build/glibc-GKVZIf/glibc-2.23/elf/./dl-load.h
+14 12 6 2
+1 9
+2 12 6 3
fi=(37)
+7 24 6 3
+6 3
+2 3
-2 3
+1 3
+2 3
-1 3
+1 3
-1 9
+8 6 3 2
+17 6 3 1
+12 6
-59 30 6 3
+2 6
+2 3
-2 6 3
+2 30
cfi=(26)
cfn=(72)
calls=3 -57 
* 93 6
* 9 3 2
fe=(22)
1229 12 3 1
+9 6
fi=(3) /build/glibc-GKVZIf/glibc-2.23/elf/get-dynamic-info.h
39 3
fe=(22)
1238 3
fi=(3)
39 3 3
+6 3
-2 3
+2 6 3
+15 3
+5 3
+3 3
-1 3
-3 3
-3 62
+10 14
-26 42 14 3
+16 57
+10 57
-26 171 57
+26 3
-26 9 3
+2 148 74 28
+13 68 17 7
+2 12 3 2
+3 12 3 2
+13 6 3
+20 11 3 1
+1 12 3
+1 12 3
+1 12 3
+2 12 3
+5 12 3
+1 11 3 1
+1 12 3
+6 9 3
+5 6 3
+7 6 3 1
+1 9 3
+16 9 3 1
+5 2
+2 2
-2 2
+2 2 2 2
+2 4 2 2
+2 4 2
+3 9 3 2
+10 1
-8 4
+8 1 1
+5 2 1
+3 6 3 3
fe=(22)
1245 6 3 3
+15 9 3
+19 6
+2 15 3
+54 9 3 2
+1 2
+3 2
cfi=(24)
cfn=(130) close
calls=1 84 
* 5 1
* 4
cfi=(24)
cfn=(130)
calls=2 84 
* 10 2
* 6 3
+9 6 3
+2 9
+2 3
-2 3
+2 3 3
+16 6
cfi=(6)
cfn=(10)
calls=3 956 
* 69 6
+4 6 3
+1 6 3 2
+17 6 3 1
+9 3
-5 9
+5 3 3
+10 6 3
+10 9
cfi=(15)
cfn=(48)
calls=3 32 
* 129 12 9 6
+4 12 3 3
fi=(3)
68 12 3
+2 15
fe=(22)
1391 2
fi=(37)
119 6 3
+8 24
cfi=(27)
cfn=(74)
calls=3 -74 
* 298 43 13
* 12
-54 12
-1 18
cfi=(38)
cfn=(124)
calls=3 +12 
* 15 3
* 3
fi=(39)
+22 10 2
+1 22 2
+3 8
fi=(37)
+39 9
cfi=(26)
cfn=(72)
calls=1 33 
* 31 2
+3 3 1 1
fe=(22)
1233 4

fn=(108) open_verify.constprop.7
1695 231
+39 21
-39 63
+39 82 41 5
+31 84
cfi=(24)
cfn=(110) open
calls=21 84 
* 177 21 2
+2 21
-2 21
+2 24 21 2
+10 3
+1 6
+5 24
cfi=(24)
cfn=(112) read
calls=3 84 
* 15 3
+2 6 3
+2 3
+2 3
-2 6
+2 3 3
+6 6 3
+16 12
cfi=(14)
cfn=(30)
calls=3 24 
* 90 27 9
* 27 6 2
cfi=(14)
cfn=(30)
calls=3 24 
* 108 36 2
* 6 3
+74 6 3
+5 6 3
+2 12 3
+6 6 3
+11 6 3
+6 3
+1 3
-1 12
+1 3
-1 3
+1 6 3
+1 9
+20 135 18 1
+2 49 23 12
+4 12 3
+1 9
+12 21
+4 9 3 1
+5 2
+1 2
-13 8
cfi=(14)
cfn=(30)
calls=2 24 
* 50 16 9
* 12
cfi=(14)
cfn=(30)
calls=3 24 
* 90 24 8
* 10 5 2
+16 4 2
+3 14
+3 6 2
+1 10 4
-39 3
+67 42
-23 18
+23 126
1804 2
+7 8
cfi=(14)
cfn=(30)
calls=2 24 
* 48 18 8
* 4 2 2

fn=(78)
433 8
+2 1
-2 9
+5 1
cfi=(17)
cfn=(80)
calls=1 -84 
* 418 129 14
* 4 1
-66 3
cfi=(28)
cfn=(76)
calls=1 24 
* 47 3 2
* 6
cfi=(28)
cfn=(76)
calls=2 24 
* 46 4
* 6 3
+4 6
cfi=(29)
cfn=(82)
calls=3 40 
* 288 38 11 6
* 3
+68 6
cfi=(11)
cfn=(22)
calls=3 66 
* 66 7 1
+4 3
-4 3
+4 3 3 2
+15 3 1
-12 1
+19 54 18 6
+1 34 15 12
cfi=(14)
cfn=(30)
calls=1 24 
* 43 12 3
* 2 1 1
+55 6
+2 6
cob=(2)
cfi=(16)
cfn=(84) 0x0000000004000ab0
calls=3 0 
* 21 3 0 3 1
* 6
-90 3
cfi=(17)
cfn=(80)
calls=3 -84 
* 262 79 7
* 9 3 2
+94 1
+3 9
-46 6 3 2
+4 6
-1 12
cfi=(17)
cfn=(40)
calls=3 94 
* 87 9 2 3
* 3 0 0 3
+3 3
-3 3
+3 6 3
+5 3
+1 6
-2 3
+2 3
cfi=(25)
cfn=(70)
calls=3 61 
* 77 19 9
+3 3
-3 3
+1 3
+2 3 3 3
+6 6
+1 3
-1 6
+1 39 6
+1 33 12 3
-1 6 3 2
+3 6
+1 9 3 2
+7 3
+1 3
-1 6
-67 12 4
+8 2
-3 6
+3 4 2 2
+26 6
-34 4
+65 6
-9 6

fn=(136) open_path
2018 16
+1 2
+6 2
-6 2
+6 2 2
+5 18
+52 2
-59 2
-1 2
+60 2
-52 16
+74 8
-62 2
-9 2
+9 6 2
-9 4
+9 4 4
+7 24
cfi=(25)
cfn=(70)
calls=6 61 
* 154 38 12
+1 6
-1 6
+1 30 6
+20 16 8 2
-20 100 24 7
+3 48 24 6
+5 36
-1 18
+1 36
-1 54
cfi=(25)
cfn=(70)
calls=18 61 
* 368 108 43
* 72
cfi=(25)
cfn=(70)
calls=18 61 
* 414 108 20
-1 18
+7 18
-7 18
+7 18 18
+3 162
cfn=(108)
calls=18 1695 
* 792 72 6
* 18
+2 90 18 8
+26 40
+2 20 10 2
+39 42 18 1
+7 6
-2 6
+2 18 6 4
+3 6 2
+14 2
-27 2
+27 14
-84 16 8
+1 72 8
+6 8
+2 8
-2 8
+2 16
-2 8
+2 8
cfi=(41)
cfn=(138)
calls=8 34 
* 98 16 4
* 16 8 2
+1 2
+2 2
-2 2
+2 14
+7 6
-7 6
+7 18
-30 6
+23 12

fn=(104) _dl_map_object
2167 42
+8 6
-8 12
+8 6 6
+1 24 6
+3 93 21 6
+5 126 18
+2 54
cfi=(34)
cfn=(106)
calls=18 288 
* 2301 283 102 32 10
* 36 18 3
+4 30 15
+1 45 15 10
+3 6
+2 24
cfi=(19)
cfn=(54)
calls=6 144 
* 190 24 8 2 1
* 12 6 4
2478 48
2213 15 3 3
+9 3
-53 3
+53 6 3
+36 6
-2 3
+2 3
cfi=(28)
cfn=(76)
calls=3 24 
* 69 6
* 6 3 2
2409 2 1
372 3
cfi=(28)
cfn=(76)
calls=1 24 
* 47 3 2
* 2 1
+4 2
cfi=(29)
cfn=(82)
calls=1 40 
* 128 19 9 2
2410 1
-3 1
+3 2 1
+4 9
cfn=(108)
calls=1 1695 
* 299 65 19
+3 1
-3 1
+3 3 1
+12 3
+46 1
+1 3
-1 1
+1 9
cfn=(114)
calls=1 871 
* 1444 255 86 7
-1 2
+1 6
-1 2
+1 18
cfn=(114)
calls=2 871 
* 3209 552 156 14
* 12
2262 4
cfi=(11)
cfn=(22)
calls=2 66 
* 32 4
* 2
+2 2
-2 2
+2 2 2
+7 8 4 2
+35 4 2
+1 28 2
cfn=(136)
calls=2 2018 
* 3090 508 117
+6 4
-6 2
+6 6 4
638 2
2314 2
638 4 2 2
2401 4 2 1
+28 6
+2 8 2
2275 2
+5 2
-5 2
+5 2 2
+3 4
-3 2
+3 14
-3 6 2 2
638 2
2281 2
638 4 2 2
2336 2
-14 2
+14 2 2
+2 6 2
+4 4
cfi=(42)
cfn=(140)
calls=2 185 
* 2806 640 112 4
+2 2
-2 2
+2 2 2
+4 4 2
+8 6 2
+23 20
cfn=(108)
calls=2 1695 
* 720 168 40
+4 2
-4 2
+4 6 2
+1 4
-89 6 2
+1 16 4
638 2
2297 2
638 4 2 2

fl=(2)
fn=(94) do_preload
654 4
+12 1
-12 2
+10 1
-4 1
+1 1
+5 4
-10 1
+6 1
+4 1
cfi=(32)
cfn=(96)
calls=1 163 
* 2434 402 146 15 3
+1 3 1 1
+10 3
+4 5

fn=(50)
688 10

fn=(52)
694 10

fn=(26)
738 1
+19 1
-19 7
2353 1
738 3
+19 1
+3 1
-22 1
2348 1
760 1
+4 2
+1 2
+5 2
2346 2
+7 4
-4 1
+4 8
+2 2
cfi=(13) /build/glibc-GKVZIf/glibc-2.23/elf/dl-environ.c
cfn=(28) _dl_next_ld_env_entry
calls=1 30 
* 54 18 7
* 4
cfi=(13)
cfn=(28)
calls=2 30 
* 311 103 17
* 9 3 1
+4 50 23 4
+1 19
-1 57 19 10
+3 4 2
+6 14 2 0 2 2
2514 3 1
+30 3 1 1
780 3 1 1
981 7
cfi=(15)
cfn=(32)
calls=1 61 
* 250 36 22 3 3
+2 1
-2 1
+2 1 1
+1 1
+1 1
+5 2
-5 1
+1 2
+4 1
cfi=(15)
cfn=(48)
calls=1 32 
* 33 1 0 2 2
+1 3 1
747 1
1020 1
-3 1
-5 1
+1 1
+2 1
+5 7 1
+56 5
-55 24 12 4
-1 27 9 1
+1 47 23 9
1123 5 1 1
+3 2 1 1
+2 2 1 1
+2 3 1
+13 3 1
+1 6
cfi=(19)
cfn=(54)
calls=1 144 
* 44 6 4 1 1
* 2 1
+7 1
+3 1
-5 1
+3 1
+2 1 1
+1 2
+4 2 1
+2 2 1
fi=(3)
30 1
+9 2 1
+6 1
-2 1
+2 2 1
+15 1
+5 1
+3 1
+2 1
-3 1
-3 1
-3 14
+10 3
-26 9 3 1
+16 20
+10 20
-26 60 20
+26 1
-26 3 1
+2 48 24 10
+13 16 4 3
+2 4 1 1
+16 3 1 1
+38 3 1
+5 2 1
+7 2 1
+1 3 1
+16 3 1 1
+14 3 1 1
+18 2 1 1
fe=(2)
1166 2
cfi=(6)
cfn=(10)
calls=1 956 
* 23 2
+3 2 1
fi=(20) /build/glibc-GKVZIf/glibc-2.23/elf/setup-vdso.h
24 2 1 1
fe=(2)
1191 1
cfi=(9)
cfn=(60)
calls=1 45 
* 85 15 8
* 8 3 1
-75 2
+1 2
+1 1
-6 2
+1 1
-88 3
+1 1
+50 2
-1 8
+2 4 2 1
+1 1
+3 2
+1 2 1
-1 2
+1 2 1
+1 2
+1 6 3 1
+1 2
-43 1
-2 2
+27 1
-25 2
+7 1
-10 1
+10 1 1 1
-19 3
+1 1
fi=(3)
65 4 1 1
+3 4 1
+2 4
fe=(2)
2442 4
cfi=(14)
cfn=(30)
calls=1 24 
* 31 11 4
* 2 1
+2 3
-55 4
cfi=(14)
cfn=(30)
calls=1 24 
* 18 6 1
* 2 1 1
+7 4
cfi=(14)
cfn=(30)
calls=1 24 
* 36 12 2
* 2 1
+2 3
1185 3
+11 2
cfi=(22)
cfn=(64)
calls=1 661 
* 3108 553 154 23 1
+3 3
cfi=(30)
cfn=(88)
calls=1 50 
* 17 3 2
+7 1
-7 1
+2 1
+5 1 1
+3 3
+1 1
+3 1
-3 3
+1 2
+3 1
+5 1
-7 1
+7 1 1
+1 5
+17 2 1
+1 2 1
+5 1
-3 4
+2 2
+1 3
+5 3 1
+1 5 1
+2 2
+1 2
+5 2 1 1
+5 1
753 1
1262 2 1
1439 1
cfi=(31)
cfn=(90)
calls=1 115 
* 4 1
* 1
+8 3 1
+3 1
+4 3 1 1
+5 1
+1 1
cfi=(30)
cfn=(92)
calls=1 74 
* 1
+1 1
+4 3 1
+15 3 1
+4 1
-2 1
+2 2 1 1
+31 3
cfi=(24)
cfn=(68)
calls=1 84 
* 9 1 1
* 2 1
+77 1
1481 1
1592 3 1 1
+17 3
+1 1
-1 1
+1 2
-1 1
+1 5
cfi=(40)
cfn=(132) _dl_map_object_deps
calls=1 161 
* 15426 2750 659 66 11
+1 1
+2 2
+3 1
-3 3
+3 1
-3 1
+3 3 1
+1 4
-1 2 1 1
+1 16
-1 8 4 3
+4 3
+1 3 1 1
+1 1
+2 2 1
+1 6 1
-1 6 1
+1 8 3 1
-1 6 2 2
-28 5
+1 1
-1 3
+4 3
+1 1
+1 2 1
+1 3 1 1
+34 1
+1 2
-1 1
+1 1 1
+2 1
+2 3 1 1
+2 1
-4 1
+5 1
-1 2 1 1
+14 2 1
+1 2
+1 3 1 1
+11 1
+2 1
-2 1
+2 2
-1 1
+1 1
-2 3
+2 1
cfi=(32)
cfn=(148)
calls=1 205 
* 5819 823 190 41 11
+10 1
+1 1
-1 1
+1 1 1
+1 1
cfn=(158) init_tls
calls=1 573 
* 625 328 28 7
* 1
+2 2 1
703 1
+2 3
fi=(148) /build/glibc-GKVZIf/glibc-2.23/elf/../sysdeps/unix/sysv/linux/dl-osinfo.h
77 1
fe=(2)
714 1
+7 1
-5 1
1692 3 1
1922 3 1 1
2092 4 2
+2 1
+5 3
cfi=(31)
cfn=(228)
calls=1 450 
* 147 22 8
+3 2 1 1
+9 3 1
+2 2 1
+15 1
+2 1
-2 2
+3 1
-3 1
+3 1
-3 1
+3 3
cfi=(44)
cfn=(164)
calls=1 149 
* 4284 639 73 8 3
+1 1
+2 6
+8 1
cfi=(7)
cfn=(230)
calls=1 256 
* 1
+4 3 1
+20 3
cfi=(30)
cfn=(88)
calls=1 50 
* 8 3 3
+1 1
-1 1
+2 1
cfi=(30)
cfn=(92)
calls=1 74 
* 1
+1 1
+4 1
cfi=(42)
cfn=(232)
calls=1 322 
* 15 2 1
+5 8
2043 3
+7 1
+2 3
+19 1
-19 4
+2 1
+2 15
+5 10
+2 10 5 1
+6 5
+2 10 5 1
+1 32
cfi=(44)
cfn=(164)
calls=4 149 
* 80393 13141 694 159 35
+4 17 6 4
-22 12 6 6
+25 1
+2 5
+6 1
-6 1
+6 1 1 1
-10 2
cfi=(31)
cfn=(198)
calls=1 890 
* 20 1
* 1
-12 1
+1 1
-3 2 1 1
-85 1
+11 1
-7 1
-4 1
+4 3
+4 2
+3 1 1 1
1491 2
cfi=(11)
cfn=(22)
calls=1 66 
* 34 3 1
* 8
cfi=(18)
cfn=(46)
calls=1 61 
* 69 13 6
* 1
+3 6
+3 3
cfi=(17)
cfn=(80)
calls=1 354 
* 766 238 4
* 3
cfi=(17)
cfn=(80)
calls=1 354 
* 6 2 1
* 6 2 1
+1 2 1
+1 3 1
+2 4
cfn=(94)
calls=1 654 
* 2462 403 147 15 3
* 2
1635 2
1503 1
+2 6

fn=(98)
648 14

fn=(2)
337 9
+18 4
fi=(5)
59 1
fe=(2)
355 1
fi=(3)
45 1
fi=(5)
+14 2
fe=(2)
381 1
fi=(3)
45 1
fe=(2)
378 1
fi=(3)
45 1 1
+25 2
-3 1
-7 1
+5 1
+3 1
+2 1
-3 1
-3 1
-3 2
-13 26
+23 13
-26 39 13
+26 1
-26 3 1
+2 36 18 8
+13 20 5 1
+1 16
+10 4
-26 12 4 3
+33 2 1
+20 4 1
+1 4 1
+1 4 1
+1 4 1
+2 4 1
+5 4 1
+1 4 1
+1 4 1
+6 3 1
+5 2 1
+7 3 1
+1 3 1
+8 3 1 1
+2 3 1 1
+3 2 1
+1 2 1
fe=(2)
392 2 1 1
286 1
399 1
286 1
cfi=(6)
cfn=(10)
calls=1 956 
* 23 2
+1 2
+1 2
+1 2
+1 2
+8 1
+9 1
-9 3
+9 1
-6 1
-3 1
+9 1
cfi=(7)
cfn=(12)
calls=1 86 
* 115986 19539 2165 346 87
* 1
+9 1
+3 4
+4 1
-4 1
+4 1 1
424 9
fi=(3)
62 4 1 1
+3 4 1 1
fe=(2)
397 26 3
fi=(4)
84 1
+27 1
-28 1
+28 2 1
+1 2
fi=(5)
517 2 1
fi=(4)
112 18
fi=(5)
517 18 9
+1 20
fi=(4)
111 20
fi=(5)
518 10
fi=(4)
111 10 10 6
+5 2 1
+8 1
fi=(5)
312 1
fi=(4)
124 2 1
+12 1
+1 3
fi=(5)
266 1
fi=(4)
137 1
fi=(5)
294 1
fi=(4)
137 2
fi=(5)
294 1 1
fi=(4)
136 5
+1 15
fi=(5)
266 5
fi=(4)
137 5
fi=(5)
294 5
fi=(4)
137 10
fi=(5)
294 5 5
+9 12 6
+3 6
-3 12
+3 18 6
+6 36 6 0 6 1
fi=(3)
68 4 1
+2 3
fi=(5)
425 12
fi=(4)
124 19 6 4
fe=(2)

fn=(102)
480 1
+2 1
-2 1
+3 8
cfi=(22)
cfn=(104)
calls=1 2167 
* 2358 401 146 13 1
* 1
+2 2

fn=(158)
573 1
+6 1
-6 1
+2 2
+4 1 1
+10 4
cfi=(17)
cfn=(36)
calls=1 103 
* 38 4 2 2
* 1 0 0 1
+11 1
-5 1
-7 1
+6 1
+2 1
-1 1
+5 1 1 1
+2 1
-1 1
+1 12 6 1
+2 10 5 4
+4 1
+2 1
-2 2
-5 10
+9 3 1 1
+3 1
cfi=(31)
cfn=(160)
calls=1 138 
* 71 7 1
+7 1
cfi=(31)
cfn=(162)
calls=1 354 
* 439 301 16 4
+1 1
-1 1
+1 1 1 1
+6 1
+3 1
-3 1
+3 6 1 1
+3 1
+2 1
+1 2

fn=(150)
513 2
+2 4
cfi=(43) /build/glibc-GKVZIf/glibc-2.23/elf/dl-version.c
cfn=(152) _dl_check_all_versions
calls=1 380 
* 5779 822 190 39 9
* 2 1
+4 2

fl=(66)
fn=(256) _dl_runtime_resolve_avx
64 3
+3 3
+2 3
+2 3
+3 3
+1 3
+1 3
+1 3
+1 3
+1 3
+1 3
+1 3
+1 3
+1 3
+1 3
+1 3
+1 3
+1 3
+1 3
+5 3
+1 3
+1 3
+1 3
+14 3
+1 3
+1 3
cfi=(67)
cfn=(258)
calls=3 -46 
* 3326 449 36 20 4
+1 3
+5 3
+1 3
+1 3
+1 3
+13 3
+1 3
+1 3
+1 3
+1 3
+1 3
+1 3
+1 3
+1 3
+1 3
+1 3
+1 3
+1 3
+1 3
+1 3
+2 3
+2 3
+4 3
+3 3 0 0 3 3
cob=(3)
cfi=(95)
cfn=(380)
calls=1 -25 
* 738395074 15908898 67510 14666 433
cob=(3)
cfi=(84)
cfn=(320)
calls=1 57 
* 60 8 5
cob=(3)
cfi=(68)
cfn=(262)
calls=1 -58 
* 61017 13555 2104 15 12

fn=(257)
64 10
+3 10
+2 10
+2 10
+3 10
+1 10
+1 10
+1 10
+1 10
+1 10
+1 10
+1 10
+1 10
+1 10
+1 10
+1 10
+1 10
+1 10
+1 10
+5 10
+1 10
+1 10
+1 10
+14 10
+1 10
+1 10
cfi=(67)
cfn=(258)
calls=10 -46 
* 10418 1410 108 58 10
+1 10
+5 10
+1 10
+1 10
+1 10
+13 10
+1 10
+1 10
+1 10
+1 10
+1 10
+1 10
+1 10
+1 10
+1 10
+1 10
+1 10
+1 10
+1 10
+1 10
+2 10
+2 10
+4 10
+3 10 0 0 10 10
cob=(3)
cfi=(132)
cfn=(576)
calls=1 26 
* 1726 299 77 22 8
cob=(3)
cfi=(51)
cfn=(568)
calls=1 29 
* 5 1
cob=(3)
cfi=(78)
cfn=(300)
calls=1 53 
* 72 9 7
cob=(3)
cfi=(69)
cfn=(426)
calls=1 2903 
* 280 43 24
cob=(3)
cfi=(127)
cfn=(526)
calls=1 39 
* 599 113 56 4 3
cob=(3)
cfi=(107)
cfn=(452)
calls=1 26 
* 1154 207 93 8 7
cob=(3)
cfi=(102)
cfn=(420)
calls=1 -62 
* 502 66 28 1 1
cob=(3)
cfi=(100)
cfn=(410)
calls=1 32 
* 32 2 1
cfi=(73)
cfn=(284)
calls=1 +23 
* 39 15 7
cob=(3)
cfi=(69)
cfn=(270)
calls=1 3173 
* 60099 13452 2090 12 9

fl=(34)
fn=(142)
45 2
+7 1
-7 3
+7 1
-7 3
+7 1
cfi=(24)
cfn=(110)
calls=1 +32 
* 5 1
+1 2 1
+2 5
cfi=(36)
cfn=(120)
calls=1 -21 
* 10 2
* 2 1
+2 1
+3 1
-3 1
+3 1 1 1
+13 2
cfi=(24)
cfn=(130)
calls=1 +11 
* 5 1
+3 7
-14 6
cfi=(26)
cfn=(72)
calls=1 -29 
* 33 3 2
* 2

fn=(106)
288 535
+1 214
cfi=(19)
cfn=(54)
calls=107 144 
* 4502 503 128 83 22
* 107
+1 107
-1 107 107
+3 107
+2 214 107 15
+4 107
-4 214 107 23
+1 345
cfi=(19)
cfn=(54)
calls=115 144 
* 4733 545 76 75 6
* 230 115 20
-5 8
+11 139
-1 99
+1 396

fl=(38)
fn=(124)
84 32 8
+1 8

fn=(234)
84 4 1
+1 1

fl=(43)
fn=(156) match_symbol
76 110
+9 10
-8 10
-1 20
+1 10
+8 10 10
+6 30 10
+15 10
+1 20 10
+2 10
+5 20 10
+14 140 70 10
+12 180 60
+4 60
-30 120 60 4
+19 50
cfi=(19)
cfn=(54)
calls=10 +11 
* 287 34 6 1 1
* 20 10
+35 80

fn=(154) _dl_check_map_versions
189 15 5
-15 45
+17 5
+3 15
-3 5
+2 5
+1 5
+2 5
-3 5
+3 5 5 2
+3 6
+4 3
-4 3
+4 12 3
+17 3
56 6
220 3
56 15 3 3
220 2
56 4
220 2
56 10 2 2
+1 16
-1 32 16
+2 63
cfi=(34)
cfn=(106)
calls=21 288 
* 2321 282 78 26 8
* 47 21 6
228 15 5
+5 40
+19 5
-15 155 10 5
cfn=(156)
calls=5 76 
* 582 124 13 1 1
* 20
cfn=(156)
calls=5 76 
* 615 150 7
* 10
+7 60
+3 30 10 6
+9 30 5 3
+5 6
+1 2
+8 6 3 1
+3 12
+10 33
-7 132
+3 99 33 16
-3 12
+3 9 3 3
+8 12 4 4
+87 8
-81 16
cfi=(17)
cfn=(36)
calls=4 103 
* 152 16 7 8
* 4 0 0 4
+1 4
-2 4
+2 4 4
+11 4
+2 4
-5 4
+3 4
+2 4
-2 4
+2 4 4 1
+3 12
+4 15
+18 5
-15 15
+2 15 5 1
-2 15
+2 15 5
+2 10
+1 10
-1 20
+1 10
-1 10
+1 10
+1 10
-2 10
+2 20
+1 30
+3 30 10 5
+8 15 5 3
+5 2
+1 2
+4 12 4 1
+3 12
+20 33
-14 72 36 3
-2 33
+7 66
+1 33
-1 99
+1 33
-1 33
+1 33
+1 33
+3 108 36 14
+10 36
183 2
-8 2
+95 4 2 1
-80 2

fn=(152)
380 5
+4 7 1
+2 35 5
cfn=(154)
calls=5 189 
* 5690 811 185 39 9
-2 5
+2 15
-1 5
-1 10 5 5
+5 7

fl=(24)
fn=(110)
84 88 22 2
+1 4
+1 90

fn=(112)
84 12 3
+1 3

fn=(130)
84 16 4
+1 4

fn=(68)
84 16 4 4
+2 20

fl=(26)
fn=(72)
33 11
-1 110
+1 27 11 6
+1 110 11 1
+2 77
-3 26 10 6

fl=(12)
fn=(24)
34 4
+8 6 2
+4 2 1 1
+16 5

fl=(13)
fn=(28)
30 3
+3 10 3 2
+13 53
-13 159 53
+2 110 55 16
+1 20 10 6
+5 2
-3 2
+3 2
+2 2
-12 1
+19 1

fl=(40)
fn=(132)
161 1
-1 1
+1 1
-1 4
+1 1
-1 2
+1 1
-1 2
+1 1
-1 2
+1 3
-15 1
+15 1
-17 1
+1 1
+1 1
+6 4
+26 1
-26 1
+26 7 1
-34 1
+2 1
+33 2
-33 1
-2 1
+2 2
-2 1
+1 1
+1 1
+6 3
+26 1
-26 1
+26 5 1
+4 1
+21 1
+1 1
-22 2
+19 1
-12 1
+15 1
-16 2
+13 1
317 9
217 1
-4 1
-4 1
+8 5 1 1
-4 4
-4 4
+8 4 4 4
+12 10 5 2
+2 3
+11 3
-5 3
-6 6
+5 3
+2 6
+1 6
+3 21 3
+50 15 5 2
+1 9
-51 312 78 3
+1 156 78 8
+6 25
cfi=(28)
cfn=(76)
calls=5 24 
* 163 12 4
* 10 5
+5 25
-3 5
+3 5
cfi=(32)
cfn=(96)
calls=5 -91 
* 13293 2295 544 58 11
+2 15 5
+15 5
+2 10 5 2
+5 3
+6 3
+2 3
-8 6
+3 3
+1 3
+1 3
+1 3
+4 18
+7 219 73 5
459 15 5 2
+2 9
+2 9
cfi=(17)
cfn=(40)
calls=3 94 
* 87 9 2 3
* 3 0 0 3
+2 3
-2 3
+2 3 3
+4 12
-1 3
+1 3
cfi=(18)
cfn=(46)
calls=3 61 
* 68 20 8
+1 15
cfi=(18)
cfn=(46)
calls=3 61 
* 68 20 11
+4 3
-1 3
+5 28 5 5
+7 6 2
+1 1
+3 5 1 1
+10 4
cfi=(17)
cfn=(40)
calls=1 94 
* 29 3 1 1
* 1 0 0 1
+3 1
-3 1
+3 1 1
+5 6
+1 1
-1 3 1
+1 2
+8 2
+4 3
-4 1
-6 3 1 1
-2 4
+8 8
+4 12
-4 4
-6 12 4 3
+13 3 1
+51 3 1
+2 3 1 1
+42 1
-4 1
+5 2
-1 4
+1 2
cfi=(27)
cfn=(74)
calls=1 53 
* 15 3 2
* 1
-2 9
+7 1
-1 1
+1 1
-1 2
+7 1
-7 1
+7 2 1
-13 3
+7 3
-1 3
+1 3
-1 6
+7 3
-7 3
+7 9 3 1
+2 12
+1 6 3 3
-1 12
+1 9 3
+2 30 10 3
+1 21 7 7
+28 27
cfi=(27)
cfn=(74)
calls=3 53 
* 54 14 8
* 15
-6 6
-28 12 6 3
+31 14 4 1
-6 2
+16 2
+2 1
+1 1
-1 1
+2 3 1 1
+7 3 1 1
+3 3 1
+3 8
481 12 4 4
-1 5
+1 11 5 4
202 2
+27 4 2

ob=(6)
fl=(85)
fn=(326)
0 11 1 1

ob=(1)
fl=(40)
fn=(132)
229 4 2
-19 4
+8 32 14 2
+2 3
+2 12 3 1
+2 30 2
338 8
611 8
cfi=(18)
cfn=(46)
calls=1 61 
* 42 11 7
+2 1
-38 1
+38 1 1 1
209 2

fn=(134)
60 10
+7 5
-4 55
cfi=(22)
cfn=(104)
calls=5 2167 
* 12898 2290 544 48 10
* 5
+5 10

ob=(6)
fl=(85)
fn=(326)
0 6 1

ob=(5)
fl=(99)
fn=(570) propagate_collision
237 1683
cob=(3)
cfi=(100)
cfn=(410)
calls=187 32 
* 5984 374 2
* 187 0 0 187
* 935
+2 187
+16 374
-16 187
+1 561
+1 561
+14 1122 187
+64 187
-64 374
+64 748
-62 561 187
+62 23749
-62 166991 23749
+16 95744
+71 95744
-71 526592
+17 2968812
+4 2968812
+10 2968812
-14 2968812
+4 2968812
+10 2968812
-10 2968812
-4 2968812
+14 2968812
-10 2968812
-4 2968812
+14 2968812
-10 2968812
-4 2968812
+14 2968812
-10 2968812
-4 2968812
+14 2968812
-14 11875248
+14 2968812
-10 2968812
+20 8906436
+7 2968812
-2 2968812
-5 2968812
+7 2968812
-2 2968812
-5 2968812
+6 2968812
+1 2968812
+3 2968812
-4 2968812
+3 2968812
+1 2968812
-10 2968812
+6 2968812
+2 2968812
+2 2968812
-2 2968812
+9 5937624
-9 2968812
+1 2968812
+21 2968812
-21 2968812
+21 2968812
-21 2968812
+8 2968812
+5 5937624
+8 8906436
-8 2968812
+8 276099516
+10 5937624
-10 5937624
+10 2968812
+4 2968812
-14 2968812
+10 2968812
+4 5937624
-4 2968812
+4 2968812
+9 2968812
-13 2968812
+13 2968812
-9 2968812
-4 2968812
+13 2968812
-9 2968812
-4 2968812
+13 2968812
-13 2968812
+13 2968812
-13 2968812
+13 2968812
-9 2968812
+9 2968812
+9 20781684 2968812
+2 2968812
-2 11875248
257 5937624 2968812
376 284988
257 189992 94996 562
+8 12255232
+2 9167488 3063808 2
+5 15199360
+1 6079744
+1 12159488
+1 6079744
+1 3039872
+3 3039872
-3 3039872
+3 3039872
-3 3039872
+3 3039872
-3 3039872
+1 3039872
+2 3039872
-1 3039872
+6 3039872
-7 3039872
+1 3039872
-1 3039872
+1 3039872
+1 3039872
+5 3039872
-7 3039872
+1 3039872
+6 3039872 3039872 23755
-12 119680
+1 47872
+1 95744
+1 47872
+1 23936
+3 23936
-3 23936
+3 23936
-3 23936
+3 23936
-3 23936
+1 23936
+2 23936
-1 23936
+6 23936
-7 23936
+1 23936
-1 23936
+1 23936
+1 23936
+5 23936
-7 23936
+1 23936
+6 23936 23936
389 94996
+4 94996
-5 94996
+2 94996
+1 94996
+1 94996
+1 94996
+1 94996
+1 237864
255 72369 23936 189
400 187
+2 1309
-2 187
+2 187
267 47872

fn=(404)
126 8
cob=(1)
cfi=(66)
cfn=(257)
calls=1 -62 
* 1093 138 9 7 2
* 5 0 0 2 1
* 3
+15 1
-15 1
+4 1
+1 1
+1 1
+1 1
+8 1 1
+11 10
cfn=(414) initialise
calls=1 408 
* 1093781 190678 5670 3822 36
+3 3
cob=(1)
cfi=(66)
cfn=(257)
calls=1 -91 
* 1237 155 14 9 3
* 5 0 0 2 1
+1 1
+2 1
-2 1
+2 1
-2 2
+2 1
-2 1
+2 1
-2 2
+2 5 1
+2 9
+45 2
+2 1
-47 3
+41 6
+1 1
-1 1
+6 1 1
-49 186
+2 1674
+45 372
+2 186
-47 558
+41 1116
+1 186
-1 186
+6 1495 186
+4 71808 23936 190
+1 94248 23562
+1 94248 23562
+1 94248 23562 186
+3 23562
+4 23562
-4 23562
+5 23562
+1 23562
-6 23562
+1 70686
+1 141372
-12 47124 23562 4
+12 748
-12 748 374 3
-13 1496
cfn=(570)
calls=187 +43 
* 698026494 12208669 24510 187
-33 187
+1 187
-2 187
fi=(144) /usr/include/x86_64-linux-gnu/bits/stdio2.h
-56 561
fe=(99)
+58 187
+1 187
fi=(144)
-59 561
cob=(3)
cfi=(132)
cfn=(576)
calls=186 -78 
* 164805 28297 1168 1116 186
cob=(1)
cfi=(66)
cfn=(257)
calls=1 -40 
* 2879 447 91 30 11
* 191 0 0 188 1
fe=(99)
+62 186
fi=(144)
-62 930
cob=(3)
cfi=(132)
cfn=(576)
calls=186 -78 
* 630265 120854 5089 4464 188
* 186 0 0 186 1
* 372
fe=(99)
650 372
167 186
650 1302 186
+2 214272 23808 2
+4 238080
-4 47616 23808 4
+4 30236160
-4 6047232 3023616 24012
-2 95232 23808 188
fi=(144)
104 744
fe=(99)
+54 372
fi=(144)
-54 186
cob=(3)
cfi=(132)
cfn=(576)
calls=186 -78 
* 823749 145478 6360 4464
* 186 0 0 186
fe=(99)
+54 558 186 2

fn=(414)
408 9
cob=(3)
cfi=(100)
cfn=(410)
calls=1 32 
* 32 2 2
* 1 0 0 1 1
* 2
+8 1
-8 9
+8 1
cob=(1)
cfi=(66)
cfn=(257)
calls=1 64 
* 1556 202 33 8 2
* 5 0 0 2 1
+2 1
-2 1
+2 1 1
+7 5
cob=(1)
cfi=(66)
cfn=(257)
calls=1 64 
* 2386 364 111 17 9
* 5 0 0 2 1
+2 2 1
+2 5
cob=(3)
cfi=(107)
cfn=(452)
calls=1 26 
* 770 149 51 2
* 1 0 0 1 1
+2 2 1
+2 5
cob=(3)
cfi=(107)
cfn=(452)
calls=1 26 
* 876 176 13 2
* 1 0 0 1
+2 2 1
+2 5
cob=(3)
cfi=(107)
cfn=(452)
calls=1 26 
* 714 134 2 2
* 1 0 0 1
+2 2 1 1
+2 5
cob=(3)
cfi=(107)
cfn=(452)
calls=1 26 
* 1234 214 72 2 2
* 1 0 0 1
+2 2 1
+2 5
cob=(3)
cfi=(107)
cfn=(452)
calls=1 26 
* 1440 250 77 2
* 1 0 0 1
+2 2 1
+2 5
cob=(3)
cfi=(107)
cfn=(452)
calls=1 26 
* 1466 257 72 5
* 1 0 0 1
+2 2 1
+3 2
cob=(1)
cfi=(66)
cfn=(257)
calls=1 64 
* 1685 256 66 11 5
* 5 0 0 2 1
+22 11
cob=(1)
cfi=(66)
cfn=(257)
calls=1 64 
* 1350 182 30 7 1
* 5 0 0 2 1
+2 1
-2 1
+2 2 1
+3 2
cob=(3)
cfi=(69)
cfn=(426)
calls=1 2903 
* 280 43 20
* 1 0 0 1 1
* 1
+2 1
-2 1
+2 1 1
+3 2
cob=(3)
cfi=(69)
cfn=(426)
calls=1 2903 
* 189 28 14
* 1 0 0 1
+2 1
-2 2
+2 1 1
+3 1
+4 1
-4 1
+1 1
-1 1
+4 1
-3 1
-1 1
+2 1
-2 1
+1 1
+3 7 1
+2 1280 128
+3 256
+2 128
+1 128
+1 128
+1 128
+2 128
+1 128
+1 128
+1 128
-13 256 128 3
+3 32512
+2 16256
+1 16256
+1 16256
+1 16256
+2 16256
+1 16256
+1 16256
+1 16256
-13 32512 16256 140
-2 512 128 3
+24 5
-2 1024 128
cob=(3)
cfi=(78)
cfn=(300)
calls=127 53 
* 9144 1143 10
cob=(1)
cfi=(66)
cfn=(257)
calls=1 64 
* 1141 147 14 8 2
* 132 0 0 129 2
-2 512 128 3
+9 3
cob=(3)
cfi=(102)
cfn=(420)
calls=1 97 
* 502 66 26 1
* 1 0 0 1 1
+2 1
-2 1
+2 1 1 1
+10 1024 512
+2 3072 1024
+2 2560 1024
+2 1024 512
+3 2560
-12 3584
cob=(3)
cfi=(107)
cfn=(452)
calls=512 26 
* 850657 166071 4785 3077 1
* 512 0 0 512
* 7
cob=(3)
cfi=(107)
cfn=(452)
calls=1 26 
* 1925 347 76 12 2
* 1 0 0 1 1
* 1026 513 2
+16 2
cob=(3)
cfi=(127)
cfn=(526)
calls=1 39 
* 533 109 39 4
* 1 0 0 1 1
+6 3
cob=(3)
cfi=(69)
cfn=(426)
calls=1 2903 
* 280 43 4
* 1 0 0 1
* 2
+3 12 1

fl=(65)
fn=(248) __gmon_start__
0 16 3 1
cob=(1)
cfi=(66)
cfn=(256)
calls=1 64 
0 62192 13707 2124 23 15
0 5 0 0 2 2
0 3
cfn=(314) atexit
calls=1 0 
0 1189 154 13 9 3

fn=(314)
0 6 1 1
cob=(1)
cfi=(66)
cfn=(256)
calls=1 64 
0 1178 153 12 7 2
0 5 0 0 2 1

fn=(390) 0x0000000000401230
0 16 2 1

fn=(374)
0 11
cob=(1)
cfi=(66)
cfn=(256)
calls=1 64 
0 738396257 15909050 67519 14674 435
0 5 0 0 2 1

fn=(382)
0 15
cob=(2)
cfi=(16)
cfn=(384) 0x0000000000400978
calls=1 0 
0 11 2
0 8 1 0 1 1
cfn=(390)
calls=1 0 
0 16 2 1
0 11 1 1

ob=(4)
fl=(54)
fn=(202)
12 8 2 1

fl=(63)
fn=(220)
25 1
+1 1
+1 1
+1 1 1 1
+2 1

fl=(61)
fn=(216)
10 5 1 1

fn=(222)
16 5 1

fl=(57)
fn=(208)
25 1
+1 1
+1 1
+1 1 1 1
+2 1

fl=(60)
fn=(214)
25 1
+1 1
+1 1
+1 1 1 1
+2 1

fl=(55)
fn=(204)
25 1
+1 1
+1 1
+1 1 1 1
+2 1

fl=(53)
fn=(200)
9 8 2 1

fl=(59)
fn=(226)
0 8 2 1

fn=(364)
0 17 2

fn=(212)
0 8 2 1

fn=(224)
0 8 2 1

fl=(62)
fn=(218)
25 1
+1 1
+1 1
+1 1 1 1
+2 1

fl=(56)
fn=(206)
25 1
+1 1
+1 1
+1 1 1 1
+2 1

fl=(58)
fn=(210)
8 5 1

ob=(2)
fl=(16)
fn=(360) 0x0000000004c2f5f0
0 1 0 0 1 1
cob=(5)
cfi=(65)
cfn=(248)
calls=1 0 
0 4 1

fn=(356)
0 5 1
cfn=(360)
calls=1 0 
0 5 1 0 1 1
0 2

fn=(246) 0x0000000004a28578
0 1 0 0 1 1
cob=(5)
cfi=(65)
cfn=(248)
calls=1 0 
0 63397 13862 2138 34 20

fn=(242)
0 5 1
cfn=(246)
calls=1 0 
0 63398 13862 2138 35 21
0 2

fn=(384)
0 5 1
cob=(5)
cfi=(65)
cfn=(248)
calls=1 0 
0 4 1
0 2

fn=(536)
0 4 0 0 4 1
cob=(3)
cfi=(69)
cfn=(538)
calls=4 2935 
0 578 124 36

fn=(424)
0 5 0 0 5 1
cob=(3)
cfi=(69)
cfn=(426)
calls=5 2903 
0 910 133 58

fn=(84)
0 3 0 0 3 1
cob=(1)
cfi=(17)
cfn=(86)
calls=3 120 
0 18 3

totals: 738581103 15943081 71943 15072 554
