0 0 1
1 0 1
2 0 1
3 0 1
4 0 1
5 0 1
6 0 1
7 0 1
8 0 1
9 0 1
10 0 1
11 0 1
12 0 1
13 0 1
14 0 1
15 0 1
16 0 1
17 0 1
18 0 1
19 0 1
20 0 1
21 0 1
22 0 1
23 0 1
24 0 1
25 0 1
26 0 1
27 0 1
28 0 1
29 0 1
30 0 1
31 0 1
32 0 1
33 0 1
34 0 1
35 0 1
36 0 1
37 0 1
38 0 1
39 0 1
40 0 1
41 0 1
42 0 1
43 0 1
44 0 1
45 0 1
46 0 1
47 0 1
48 0 1
49 0 1
50 0 1
51 0 1
52 0 1
53 0 1
54 0 1
55 0 1
56 0 1
57 0 1
58 0 1
59 0 1
60 0 1
61 0 1
62 0 1
63 0 1
64 0 1
65 0 1
66 0 1
67 0 1
68 0 1
69 0 1
70 0 1
71 0 1
72 0 1
73 0 1
74 0 1
75 0 1
76 0 1
77 0 1
78 0 1
79 0 1
80 0 1
81 0 1
82 0 1
83 0 1
84 0 1
85 0 1
86 0 1
87 0 1
88 0 1
89 0 1
90 0 1
91 0 1
92 0 1
93 0 1
94 0 1
95 0 1
96 0 1
97 0 1
98 0 1
99 0 1
100 0 1
101 0 1
102 0 1
103 0 1
104 0 1
105 0 1
106 0 1
107 0 1
108 0 1
109 0 1
110 0 1
111 0 1
112 0 1
113 0 1
114 0 1
115 0 1
116 0 1
117 0 1
118 0 1
119 0 1
120 0 1
121 0 1
122 0 1
123 0 1
124 0 1
125 0 1
126 0 1
127 0 1
128 0 1
129 0 1
130 0 1
131 0 1
132 0 1
133 0 1
134 0 1
135 0 1
136 0 1
137 0 1
138 0 1
139 0 1
140 0 1
141 0 1
142 0 1
143 0 1
144 0 1
145 0 1
146 0 1
147 0 1
148 0 1
149 0 1
150 0 1
151 0 1
152 0 1
153 0 1
154 0 1
155 0 1
156 0 1
157 0 1
158 0 1
159 0 1
160 0 1
161 0 1
162 0 1
163 0 1
164 0 1
165 0 1
166 0 1
167 0 1
168 0 1
169 0 1
170 0 1
171 0 1
172 0 1
173 0 1
174 0 1
175 0 1
176 0 1
177 0 1
178 0 1
179 0 1
180 0 1
181 0 1
182 0 1
183 0 1
184 0 1
185 0 1
186 0 1
187 0 1
188 0 1
189 0 1
190 0 1
191 0 1
192 0 1
193 0 1
194 0 1
195 0 1
196 0 1
197 0 1
198 0 1
199 0 1
200 0 1
201 0 1
202 0 1
203 0 1
204 0 1
205 0 1
206 0 1
207 0 1
208 0 1
209 0 1
210 0 1
211 0 1
212 0 1
213 0 1
214 0 1
215 0 1
216 0 1
217 0 1
218 0 1
219 0 1
220 0 1
221 0 1
222 0 1
223 0 1
224 0 1
225 0 1
226 0 1
227 0 1
228 0 1
229 0 1
230 0 1
231 0 1
232 0 1
233 0 1
234 0 1
235 0 1
236 0 1
237 0 1
238 0 1
239 0 1
240 0 1
241 0 1
242 0 1
243 0 1
244 0 1
245 0 1
246 0 1
247 0 1
248 0 1
249 0 1
250 0 1
251 0 1
252 0 1
253 0 1
254 0 1
255 0 1
255 0 1
255 1 1
255 2 1
255 3 1
255 4 1
255 5 1
255 6 1
255 7 1
255 8 1
255 9 1
255 10 1
255 11 1
255 12 1
255 13 1
255 14 1
255 15 1
255 16 1
255 17 1
255 18 1
255 19 1
255 20 1
255 21 1
255 22 1
255 23 1
255 24 1
255 25 1
255 26 1
255 27 1
255 28 1
255 29 1
255 30 1
255 31 1
255 32 1
255 33 1
255 34 1
255 35 1
255 36 1
255 37 1
255 38 1
255 39 1
255 40 1
255 41 1
255 42 1
255 43 1
255 44 1
255 45 1
255 46 1
255 47 1
255 48 1
255 49 1
255 50 1
255 51 1
255 52 1
255 53 1
255 54 1
255 55 1
255 56 1
255 57 1
255 58 1
255 59 1
255 60 1
255 61 1
255 62 1
255 63 1
255 64 1
255 65 1
255 66 1
255 67 1
255 68 1
255 69 1
255 70 1
255 71 1
255 72 1
255 73 1
255 74 1
255 75 1
255 76 1
255 77 1
255 78 1
255 79 1
255 80 1
255 81 1
255 82 1
255 83 1
255 84 1
255 85 1
255 86 1
255 87 1
255 88 1
255 89 1
255 90 1
255 91 1
255 92 1
255 93 1
255 94 1
255 95 1
255 96 1
255 97 1
255 98 1
255 99 1
255 100 1
255 101 1
255 102 1
255 103 1
255 104 1
255 105 1
255 106 1
255 107 1
255 108 1
255 109 1
255 110 1
255 111 1
255 112 1
255 113 1
255 114 1
255 115 1
255 116 1
255 117 1
255 118 1
255 119 1
255 120 1
255 121 1
255 122 1
255 123 1
255 124 1
255 125 1
255 126 1
255 127 1
255 128 1
255 129 1
255 130 1
255 131 1
255 132 1
255 133 1
255 134 1
255 135 1
255 136 1
255 137 1
255 138 1
255 139 1
255 140 1
255 141 1
255 142 1
255 143 1
255 144 1
255 145 1
255 146 1
255 147 1
255 148 1
255 149 1
255 150 1
255 151 1
255 152 1
255 153 1
255 154 1
255 155 1
255 156 1
255 157 1
255 158 1
255 159 1
255 160 1
255 161 1
255 162 1
255 163 1
255 164 1
255 165 1
255 166 1
255 167 1
255 168 1
255 169 1
255 170 1
255 171 1
255 172 1
255 173 1
255 174 1
255 175 1
255 176 1
255 177 1
255 178 1
255 179 1
255 180 1
255 181 1
255 182 1
255 183 1
255 184 1
255 185 1
255 186 1
255 187 1
255 188 1
255 189 1
255 190 1
255 191 1
255 192 1
255 193 1
255 194 1
255 195 1
255 196 1
255 197 1
255 198 1
255 199 1
255 200 1
255 201 1
255 202 1
255 203 1
255 204 1
255 205 1
255 206 1
255 207 1
255 208 1
255 209 1
255 210 1
255 211 1
255 212 1
255 213 1
255 214 1
255 215 1
255 216 1
255 217 1
255 218 1
255 219 1
255 220 1
255 221 1
255 222 1
255 223 1
255 224 1
255 225 1
255 226 1
255 227 1
255 228 1
255 229 1
255 230 1
255 231 1
255 232 1
255 233 1
255 234 1
255 235 1
255 236 1
255 237 1
255 238 1
255 239 1
255 240 1
255 241 1
255 242 1
255 243 1
255 244 1
255 245 1
255 246 1
255 247 1
255 248 1
255 249 1
255 250 1
255 251 1
255 252 1
255 253 1
255 254 1
255 255 1
255 256 1
255 257 1
255 258 1
255 259 1
255 260 1
255 261 1
255 262 1
255 263 1
255 264 1
255 265 1
255 266 1
255 267 1
255 268 1
255 269 1
255 270 1
255 271 1
255 272 1
255 273 1
255 274 1
255 275 1
255 276 1
255 277 1
255 278 1
255 279 1
255 280 1
255 281 1
255 282 1
255 283 1
255 284 1
255 285 1
255 286 1
255 287 1
255 288 1
255 289 1
255 290 1
255 291 1
255 292 1
255 293 1
255 294 1
255 295 1
255 296 1
255 297 1
255 298 1
255 299 1
255 300 1
255 301 1
255 302 1
255 303 1
255 304 1
255 305 1
255 306 1
255 307 1
255 308 1
255 309 1
255 310 1
255 311 1
255 312 1
255 313 1
255 314 1
255 315 1
255 316 1
255 317 1
255 318 1
255 319 1
255 320 1
255 321 1
255 322 1
255 323 1
255 324 1
255 325 1
255 326 1
255 327 1
255 328 1
255 329 1
255 330 1
255 331 1
255 332 1
255 333 1
255 334 1
255 335 1
255 336 1
255 337 1
255 338 1
255 339 1
255 340 1
255 341 1
255 342 1
255 343 1
255 344 1
255 345 1
255 346 1
255 347 1
255 348 1
255 349 1
255 350 1
255 351 1
255 352 1
255 353 1
255 354 1
255 355 1
255 356 1
255 357 1
255 358 1
255 359 1
255 360 1
255 361 1
255 362 1
255 363 1
255 364 1
255 365 1
255 366 1
255 367 1
255 368 1
255 369 1
255 370 1
255 371 1
255 372 1
255 373 1
255 374 1
255 375 1
255 376 1
255 377 1
255 378 1
255 379 1
255 380 1
255 381 1
255 382 1
255 383 1
255 384 1
255 385 1
255 386 1
255 387 1
255 388 1
255 389 1
255 390 1
255 391 1
255 392 1
255 393 1
255 394 1
255 395 1
255 396 1
255 397 1
255 398 1
255 399 1
255 400 1
255 401 1
255 402 1
255 403 1
255 404 1
255 405 1
255 406 1
255 407 1
255 408 1
255 409 1
255 410 1
255 411 1
255 412 1
255 413 1
255 414 1
255 415 1
255 416 1
255 417 1
255 418 1
255 419 1
255 420 1
255 421 1
255 422 1
255 423 1
255 424 1
255 425 1
255 426 1
255 427 1
255 428 1
255 429 1
255 430 1
255 431 1
255 432 1
255 433 1
255 434 1
255 435 1
255 436 1
255 437 1
255 438 1
255 439 1
255 440 1
255 441 1
255 442 1
255 443 1
255 444 1
255 445 1
255 446 1
255 447 1
255 448 1
255 449 1
255 450 1
255 451 1
255 452 1
255 453 1
255 454 1
255 455 1
255 456 1
255 457 1
255 458 1
255 459 1
255 460 1
255 461 1
255 462 1
255 463 1
255 464 1
255 465 1
255 466 1
255 467 1
255 468 1
255 469 1
255 470 1
255 471 1
255 472 1
255 473 1
255 474 1
255 475 1
255 476 1
255 477 1
255 478 1
255 479 1
255 480 1
255 481 1
255 482 1
255 483 1
255 484 1
255 485 1
255 486 1
255 487 1
255 488 1
255 489 1
255 490 1
255 491 1
255 492 1
255 493 1
255 494 1
255 495 1
255 496 1
255 497 1
255 498 1
255 499 1
255 500 1
255 501 1
255 502 1
255 503 1
255 504 1
255 505 1
255 506 1
255 507 1
255 508 1
255 509 1
255 510 1
255 511 1
255 512 1
255 513 1
255 514 1
255 515 1
255 516 1
255 517 1
255 518 1
255 519 1
255 520 1
255 521 1
255 522 1
255 523 1
255 524 1
255 525 1
255 526 1
255 527 1
255 528 1
255 529 1
255 530 1
255 531 1
255 532 1
255 533 1
255 534 1
255 535 1
255 536 1
255 537 1
255 538 1
255 539 1
255 540 1
255 541 1
255 542 1
255 543 1
255 544 1
255 545 1
255 546 1
255 547 1
255 548 1
255 549 1
255 550 1
255 551 1
255 552 1
255 553 1
255 554 1
255 555 1
255 556 1
255 557 1
255 558 1
255 559 1
255 560 1
255 561 1
255 562 1
255 563 1
255 564 1
255 565 1
255 566 1
255 567 1
255 568 1
255 569 1
255 570 1
255 571 1
255 572 1
255 573 1
255 574 1
255 575 1
255 576 1
255 577 1
255 578 1
255 579 1
255 580 1
255 581 1
255 582 1
255 583 1
255 584 1
255 585 1
255 586 1
255 587 1
255 588 1
255 589 1
255 590 1
255 591 1
255 592 1
255 593 1
255 594 1
255 595 1
255 596 1
255 597 1
255 598 1
255 599 1
255 600 1
255 601 1
255 602 1
255 603 1
255 604 1
255 605 1
255 606 1
255 607 1
255 608 1
255 609 1
255 610 1
255 611 1
255 612 1
255 613 1
255 614 1
255 615 1
255 616 1
255 617 1
255 618 1
255 619 1
255 620 1
255 621 1
255 622 1
255 623 1
255 624 1
255 625 1
255 626 1
255 627 1
255 628 1
255 629 1
255 630 1
255 631 1
255 632 1
255 633 1
255 634 1
255 635 1
255 636 1
255 637 1
255 638 1
255 639 1
255 640 1
255 641 1
255 642 1
255 643 1
255 644 1
255 645 1
255 646 1
255 647 1
255 648 1
255 649 1
255 650 1
255 651 1
255 652 1
255 653 1
255 654 1
255 655 1
255 656 1
255 657 1
255 658 1
255 659 1
255 660 1
255 661 1
255 662 1
255 663 1
255 664 1
255 665 1
255 666 1
255 667 1
255 668 1
255 669 1
255 670 1
255 671 1
255 672 1
255 673 1
255 674 1
255 675 1
255 676 1
255 677 1
255 678 1
255 679 1
255 680 1
255 681 1
255 682 1
255 683 1
255 684 1
255 685 1
255 686 1
255 687 1
255 688 1
255 689 1
255 690 1
255 691 1
255 692 1
255 693 1
255 694 1
255 695 1
255 696 1
255 697 1
255 698 1
255 699 1
255 700 1
255 701 1
255 702 1
255 703 1
255 704 1
255 705 1
255 706 1
255 707 1
255 708 1
255 709 1
255 710 1
255 711 1
255 712 1
255 713 1
255 714 1
255 715 1
255 716 1
255 717 1
255 718 1
255 719 1
255 720 1
255 721 1
255 722 1
255 723 1
255 724 1
255 725 1
255 726 1
255 727 1
255 728 1
255 729 1
255 730 1
255 731 1
255 732 1
255 733 1
255 734 1
255 735 1
255 736 1
255 737 1
255 738 1
255 739 1
255 740 1
255 741 1
255 742 1
255 743 1
255 744 1
255 745 1
255 746 1
255 747 1
255 748 1
255 749 1
255 750 1
255 751 1
255 752 1
255 753 1
255 754 1
255 755 1
255 756 1
255 757 1
255 758 1
255 759 1
255 760 1
255 761 1
255 762 1
255 763 1
255 764 1
255 765 1
255 766 1
255 767 1
255 768 1
255 769 1
255 770 1
255 771 1
255 772 1
255 773 1
255 774 1
255 775 1
255 776 1
255 777 1
255 778 1
255 779 1
255 780 1
255 781 1
255 782 1
255 783 1
255 784 1
255 785 1
255 786 1
255 787 1
255 788 1
255 789 1
255 790 1
255 791 1
255 792 1
255 793 1
255 794 1
255 795 1
255 796 1
255 797 1
255 798 1
255 799 1
255 800 1
255 801 1
255 802 1
255 803 1
255 804 1
255 805 1
255 806 1
255 807 1
255 808 1
255 809 1
255 810 1
255 811 1
255 812 1
255 813 1
255 814 1
255 815 1
255 816 1
255 817 1
255 818 1
255 819 1
255 820 1
255 821 1
255 822 1
255 823 1
255 824 1
255 825 1
255 826 1
255 827 1
255 828 1
255 829 1
255 830 1
255 831 1
255 832 1
255 833 1
255 834 1
255 835 1
255 836 1
255 837 1
255 838 1
255 839 1
255 840 1
255 841 1
255 842 1
255 843 1
255 844 1
255 845 1
255 846 1
255 847 1
255 848 1
255 849 1
255 850 1
255 851 1
255 852 1
255 853 1
255 854 1
255 855 1
255 856 1
255 857 1
255 858 1
255 859 1
255 860 1
255 861 1
255 862 1
255 863 1
255 864 1
255 865 1
255 866 1
255 867 1
255 868 1
255 869 1
255 870 1
255 871 1
255 872 1
255 873 1
255 874 1
255 875 1
255 876 1
255 877 1
255 878 1
255 879 1
255 880 1
255 881 1
255 882 1
255 883 1
255 884 1
255 885 1
255 886 1
255 887 1
255 888 1
255 889 1
255 890 1
255 891 1
255 892 1
255 893 1
255 894 1
255 895 1
255 896 1
255 897 1
255 898 1
255 899 1
255 900 1
255 901 1
255 902 1
255 903 1
255 904 1
255 905 1
255 906 1
255 907 1
255 908 1
255 909 1
255 910 1
255 911 1
255 912 1
255 913 1
255 914 1
255 915 1
255 916 1
255 917 1
255 918 1
255 919 1
255 920 1
255 921 1
255 922 1
255 923 1
255 924 1
255 925 1
255 926 1
255 927 1
255 928 1
255 929 1
255 930 1
255 931 1
255 932 1
255 933 1
255 934 1
255 935 1
255 936 1
255 937 1
255 938 1
255 939 1
255 940 1
255 941 1
255 942 1
255 943 1
255 944 1
255 945 1
255 946 1
255 947 1
255 948 1
255 949 1
255 950 1
255 951 1
255 952 1
255 953 1
255 954 1
255 955 1
255 956 1
255 957 1
255 958 1
255 959 1
255 960 1
255 961 1
255 962 1
255 963 1
255 964 1
255 965 1
255 966 1
255 967 1
255 968 1
255 969 1
255 970 1
255 971 1
255 972 1
255 973 1
255 974 1
255 975 1
255 976 1
255 977 1
255 978 1
255 979 1
255 980 1
255 981 1
255 982 1
255 983 1
255 984 1
255 985 1
255 986 1
255 987 1
255 988 1
255 989 1
255 990 1
255 991 1
255 992 1
255 993 1
255 994 1
255 995 1
255 996 1
255 997 1
255 998 1
255 999 1
255 1000 1
255 1001 1
255 1002 1
255 1003 1
255 1004 1
255 1005 1
255 1006 1
255 1007 1
255 1008 1
255 1009 1
255 1010 1
255 1011 1
255 1012 1
255 1013 1
255 1014 1
255 1015 1
255 1016 1
255 1017 1
255 1018 1
255 1019 1
255 1020 1
255 1021 1
255 1022 1
255 1023 1
255 1024 1
255 1025 1
255 1026 1
255 1027 1
255 1028 1
255 1029 1
255 1030 1
255 1031 1
255 1032 1
255 1033 1
255 1034 1
255 1035 1
255 1036 1
255 1037 1
255 1038 1
255 1039 1
255 1040 1
255 1041 1
255 1042 1
255 1043 1
255 1044 1
255 1045 1
255 1046 1
255 1047 1
255 1048 1
255 1049 1
255 1050 1
255 1051 1
255 1052 1
255 1053 1
255 1054 1
255 1055 1
255 1056 1
255 1057 1
255 1058 1
255 1059 1
255 1060 1
255 1061 1
255 1062 1
255 1063 1
255 1064 1
255 1065 1
255 1066 1
255 1067 1
255 1068 1
255 1069 1
255 1070 1
255 1071 1
255 1072 1
255 1073 1
255 1074 1
255 1075 1
255 1076 1
255 1077 1
255 1078 1
255 1079 1
255 1080 1
255 1081 1
255 1082 1
255 1083 1
255 1084 1
255 1085 1
255 1086 1
255 1087 1
255 1088 1
255 1089 1
255 1090 1
255 1091 1
255 1092 1
255 1093 1
255 1094 1
255 1095 1
255 1096 1
255 1097 1
255 1098 1
255 1099 1
255 1100 1
255 1101 1
255 1102 1
255 1103 1
255 1104 1
255 1105 1
255 1106 1
255 1107 1
255 1108 1
255 1109 1
255 1110 1
255 1111 1
255 1112 1
255 1113 1
255 1114 1
255 1115 1
255 1116 1
255 1117 1
255 1118 1
255 1119 1
255 1120 1
255 1121 1
255 1122 1
255 1123 1
255 1124 1
255 1125 1
255 1126 1
255 1127 1
255 1128 1
255 1129 1
255 1130 1
255 1131 1
255 1132 1
255 1133 1
255 1134 1
255 1135 1
255 1136 1
255 1137 1
255 1138 1
255 1139 1
255 1140 1
255 1141 1
255 1142 1
255 1143 1
255 1144 1
255 1145 1
255 1146 1
255 1147 1
255 1148 1
255 1149 1
255 1150 1
255 1151 1
255 1152 1
255 1153 1
255 1154 1
255 1155 1
255 1156 1
255 1157 1
255 1158 1
255 1159 1
255 1160 1
255 1161 1
255 1162 1
255 1163 1
255 1164 1
255 1165 1
255 1166 1
255 1167 1
255 1168 1
255 1169 1
255 1170 1
255 1171 1
255 1172 1
255 1173 1
255 1174 1
255 1175 1
255 1176 1
255 1177 1
255 1178 1
255 1179 1
255 1180 1
255 1181 1
255 1182 1
255 1183 1
255 1184 1
255 1185 1
255 1186 1
255 1187 1
255 1188 1
255 1189 1
255 1190 1
255 1191 1
255 1192 1
255 1193 1
255 1194 1
255 1195 1
255 1196 1
255 1197 1
255 1198 1
255 1199 1
255 1200 1
255 1201 1
255 1202 1
255 1203 1
255 1204 1
255 1205 1
255 1206 1
255 1207 1
255 1208 1
255 1209 1
255 1210 1
255 1211 1
255 1212 1
255 1213 1
255 1214 1
255 1215 1
255 1216 1
255 1217 1
255 1218 1
255 1219 1
255 1220 1
255 1221 1
255 1222 1
255 1223 1
255 1224 1
255 1225 1
255 1226 1
255 1227 1
255 1228 1
255 1229 1
255 1230 1
255 1231 1
255 1232 1
255 1233 1
255 1234 1
255 1235 1
255 1236 1
255 1237 1
255 1238 1
255 1239 1
255 1240 1
255 1241 1
255 1242 1
255 1243 1
255 1244 1
255 1245 1
255 1246 1
255 1247 1
255 1248 1
255 1249 1
255 1250 1
255 1251 1
255 1252 1
255 1253 1
255 1254 1
255 1255 1
255 1256 1
255 1257 1
255 1258 1
255 1259 1
255 1260 1
255 1261 1
255 1262 1
255 1263 1
255 1264 1
255 1265 1
255 1266 1
255 1267 1
255 1268 1
255 1269 1
255 1270 1
255 1271 1
255 1272 1
255 1273 1
255 1274 1
255 1275 1
255 1276 1
255 1277 1
255 1278 1
255 1279 1
255 1280 1
255 1281 1
255 1282 1
255 1283 1
255 1284 1
255 1285 1
255 1286 1
255 1287 1
255 1288 1
255 1289 1
255 1290 1
255 1291 1
255 1292 1
255 1293 1
255 1294 1
255 1295 1
255 1296 1
255 1297 1
255 1298 1
255 1299 1
255 1300 1
255 1301 1
255 1302 1
255 1303 1
255 1304 1
255 1305 1
255 1306 1
255 1307 1
255 1308 1
255 1309 1
255 1310 1
255 1311 1
255 1312 1
255 1313 1
255 1314 1
255 1315 1
255 1316 1
255 1317 1
255 1318 1
255 1319 1
255 1320 1
255 1321 1
255 1322 1
255 1323 1
255 1324 1
255 1325 1
255 1326 1
255 1327 1
255 1328 1
255 1329 1
255 1330 1
255 1331 1
255 1332 1
255 1333 1
255 1334 1
255 1335 1
255 1336 1
255 1337 1
255 1338 1
255 1339 1
255 1340 1
255 1341 1
255 1342 1
255 1343 1
255 1344 1
255 1345 1
255 1346 1
255 1347 1
255 1348 1
255 1349 1
255 1350 1
255 1351 1
255 1352 1
255 1353 1
255 1354 1
255 1355 1
255 1356 1
255 1357 1
255 1358 1
255 1359 1
255 1360 1
255 1361 1
255 1362 1
255 1363 1
255 1364 1
255 1365 1
255 1366 1
255 1367 1
255 1368 1
255 1369 1
255 1370 1
255 1371 1
255 1372 1
255 1373 1
255 1374 1
255 1375 1
255 1376 1
255 1377 1
255 1378 1
255 1379 1
255 1380 1
255 1381 1
255 1382 1
255 1383 1
255 1384 1
255 1385 1
255 1386 1
255 1387 1
255 1388 1
255 1389 1
255 1390 1
255 1391 1
255 1392 1
255 1393 1
255 1394 1
255 1395 1
255 1396 1
255 1397 1
255 1398 1
255 1399 1
255 1400 1
255 1401 1
255 1402 1
255 1403 1
255 1404 1
255 1405 1
255 1406 1
255 1407 1
255 1408 1
255 1409 1
255 1410 1
255 1411 1
255 1412 1
255 1413 1
255 1414 1
255 1415 1
255 1416 1
255 1417 1
255 1418 1
255 1419 1
255 1420 1
255 1421 1
255 1422 1
255 1423 1
255 1424 1
255 1425 1
255 1426 1
255 1427 1
255 1428 1
255 1429 1
255 1430 1
255 1431 1
255 1432 1
255 1433 1
255 1434 1
255 1435 1
255 1436 1
255 1437 1
255 1438 1
255 1439 1
255 1440 1
255 1441 1
255 1442 1
255 1443 1
255 1444 1
255 1445 1
255 1446 1
255 1447 1
255 1448 1
255 1449 1
255 1450 1
255 1451 1
255 1452 1
255 1453 1
255 1454 1
255 1455 1
255 1456 1
255 1457 1
255 1458 1
255 1459 1
255 1460 1
255 1461 1
255 1462 1
255 1463 1
255 1464 1
255 1465 1
255 1466 1
255 1467 1
255 1468 1
255 1469 1
255 1470 1
255 1471 1
255 1472 1
255 1473 1
255 1474 1
255 1475 1
255 1476 1
255 1477 1
255 1478 1
255 1479 1
255 1480 1
255 1481 1
255 1482 1
255 1483 1
255 1484 1
255 1485 1
255 1486 1
255 1487 1
255 1488 1
255 1489 1
255 1490 1
255 1491 1
255 1492 1
255 1493 1
255 1494 1
255 1495 1
255 1496 1
255 1497 1
255 1498 1
255 1499 1
255 1500 1
255 1501 1
255 1502 1
255 1503 1
255 1504 1
255 1505 1
255 1506 1
255 1507 1
255 1508 1
255 1509 1
255 1510 1
255 1511 1
255 1512 1
255 1513 1
255 1514 1
255 1515 1
255 1516 1
255 1517 1
255 1518 1
255 1519 1
255 1520 1
255 1521 1
255 1522 1
255 1523 1
255 1524 1
255 1525 1
255 1526 1
255 1527 1
255 1528 1
255 1529 1
255 1530 1
255 1531 1
255 1532 1
255 1533 1
255 1534 1
255 1535 1
255 1536 1
255 1537 1
255 1538 1
255 1539 1
255 1540 1
255 1541 1
255 1542 1
255 1543 1
255 1544 1
255 1545 1
255 1546 1
255 1547 1
255 1548 1
255 1549 1
255 1550 1
255 1551 1
255 1552 1
255 1553 1
255 1554 1
255 1555 1
255 1556 1
255 1557 1
255 1558 1
255 1559 1
255 1560 1
255 1561 1
255 1562 1
255 1563 1
255 1564 1
255 1565 1
255 1566 1
255 1567 1
255 1568 1
255 1569 1
255 1570 1
255 1571 1
255 1572 1
255 1573 1
255 1574 1
255 1575 1
255 1576 1
255 1577 1
255 1578 1
255 1579 1
255 1580 1
255 1581 1
255 1582 1
255 1583 1
255 1584 1
255 1585 1
255 1586 1
255 1587 1
255 1588 1
255 1589 1
255 1590 1
255 1591 1
255 1592 1
255 1593 1
255 1594 1
255 1595 1
255 1596 1
255 1597 1
255 1598 1
255 1599 1
255 1600 1
255 1601 1
255 1602 1
255 1603 1
255 1604 1
255 1605 1
255 1606 1
255 1607 1
255 1608 1
255 1609 1
255 1610 1
255 1611 1
255 1612 1
255 1613 1
255 1614 1
255 1615 1
255 1616 1
255 1617 1
255 1618 1
255 1619 1
255 1620 1
255 1621 1
255 1622 1
255 1623 1
255 1624 1
255 1625 1
255 1626 1
255 1627 1
255 1628 1
255 1629 1
255 1630 1
255 1631 1
255 1632 1
255 1633 1
255 1634 1
255 1635 1
255 1636 1
255 1637 1
255 1638 1
255 1639 1
255 1640 1
255 1641 1
255 1642 1
255 1643 1
255 1644 1
255 1645 1
255 1646 1
255 1647 1
255 1648 1
255 1649 1
255 1650 1
255 1651 1
255 1652 1
255 1653 1
255 1654 1
255 1655 1
255 1656 1
255 1657 1
255 1658 1
255 1659 1
255 1660 1
255 1661 1
255 1662 1
255 1663 1
255 1664 1
255 1665 1
255 1666 1
255 1667 1
255 1668 1
255 1669 1
255 1670 1
255 1671 1
255 1672 1
255 1673 1
255 1674 1
255 1675 1
255 1676 1
255 1677 1
255 1678 1
255 1679 1
255 1680 1
255 1681 1
255 1682 1
255 1683 1
255 1684 1
255 1685 1
255 1686 1
255 1687 1
255 1688 1
255 1689 1
255 1690 1
255 1691 1
255 1692 1
255 1693 1
255 1694 1
255 1695 1
255 1696 1
255 1697 1
255 1698 1
255 1699 1
255 1700 1
255 1701 1
255 1702 1
255 1703 1
255 1704 1
255 1705 1
255 1706 1
255 1707 1
255 1708 1
255 1709 1
255 1710 1
255 1711 1
255 1712 1
255 1713 1
255 1714 1
255 1715 1
255 1716 1
255 1717 1
255 1718 1
255 1719 1
255 1720 1
255 1721 1
255 1722 1
255 1723 1
255 1724 1
255 1725 1
255 1726 1
255 1727 1
255 1728 1
255 1729 1
255 1730 1
255 1731 1
255 1732 1
255 1733 1
255 1734 1
255 1735 1
255 1736 1
255 1737 1
255 1738 1
255 1739 1
255 1740 1
255 1741 1
255 1742 1
255 1743 1
255 1744 1
255 1745 1
255 1746 1
255 1747 1
255 1748 1
255 1749 1
255 1750 1
255 1751 1
255 1752 1
255 1753 1
255 1754 1
255 1755 1
255 1756 1
255 1757 1
255 1758 1
255 1759 1
255 1760 1
255 1761 1
255 1762 1
255 1763 1
255 1764 1
255 1765 1
255 1766 1
255 1767 1
255 1768 1
255 1769 1
255 1770 1
255 1771 1
255 1772 1
255 1773 1
255 1774 1
255 1775 1
255 1776 1
255 1777 1
255 1778 1
255 1779 1
255 1780 1
255 1781 1
255 1782 1
255 1783 1
255 1784 1
255 1785 1
255 1786 1
255 1787 1
255 1788 1
255 1789 1
255 1790 1
255 1791 1
255 1792 1
255 1793 1
255 1794 1
255 1795 1
255 1796 1
255 1797 1
255 1798 1
255 1799 1
255 1800 1
255 1801 1
255 1802 1
255 1803 1
255 1804 1
255 1805 1
255 1806 1
255 1807 1
255 1808 1
255 1809 1
255 1810 1
255 1811 1
255 1812 1
255 1813 1
255 1814 1
255 1815 1
255 1816 1
255 1817 1
255 1818 1
255 1819 1
255 1820 1
255 1821 1
255 1822 1
255 1823 1
255 1824 1
255 1825 1
255 1826 1
255 1827 1
255 1828 1
255 1829 1
255 1830 1
255 1831 1
255 1832 1
255 1833 1
255 1834 1
255 1835 1
255 1836 1
255 1837 1
255 1838 1
255 1839 1
255 1840 1
255 1841 1
255 1842 1
255 1843 1
255 1844 1
255 1845 1
255 1846 1
255 1847 1
255 1848 1
255 1849 1
255 1850 1
255 1851 1
255 1852 1
255 1853 1
255 1854 1
255 1855 1
255 1856 1
255 1857 1
255 1858 1
255 1859 1
255 1860 1
255 1861 1
255 1862 1
255 1863 1
255 1864 1
255 1865 1
255 1866 1
255 1867 1
255 1868 1
255 1869 1
255 1870 1
255 1871 1
255 1872 1
255 1873 1
255 1874 1
255 1875 1
255 1876 1
255 1877 1
255 1878 1
255 1879 1
255 1880 1
255 1881 1
255 1882 1
255 1883 1
255 1884 1
255 1885 1
255 1886 1
255 1887 1
255 1888 1
255 1889 1
255 1890 1
255 1891 1
255 1892 1
255 1893 1
255 1894 1
255 1895 1
255 1896 1
255 1897 1
255 1898 1
255 1899 1
255 1900 1
255 1901 1
255 1902 1
255 1903 1
255 1904 1
255 1905 1
255 1906 1
255 1907 1
255 1908 1
255 1909 1
255 1910 1
255 1911 1
255 1912 1
255 1913 1
255 1914 1
255 1915 1
255 1916 1
255 1917 1
255 1918 1
255 1919 1
255 1920 1
255 1921 1
255 1922 1
255 1923 1
255 1924 1
255 1925 1
255 1926 1
255 1927 1
255 1928 1
255 1929 1
255 1930 1
255 1931 1
255 1932 1
255 1933 1
255 1934 1
255 1935 1
255 1936 1
255 1937 1
255 1938 1
255 1939 1
255 1940 1
255 1941 1
255 1942 1
255 1943 1
255 1944 1
255 1945 1
255 1946 1
255 1947 1
255 1948 1
255 1949 1
255 1950 1
255 1951 1
255 1952 1
255 1953 1
255 1954 1
255 1955 1
255 1956 1
255 1957 1
255 1958 1
255 1959 1
255 1960 1
255 1961 1
255 1962 1
255 1963 1
255 1964 1
255 1965 1
255 1966 1
255 1967 1
255 1968 1
255 1969 1
255 1970 1
255 1971 1
255 1972 1
255 1973 1
255 1974 1
255 1975 1
255 1976 1
255 1977 1
255 1978 1
255 1979 1
255 1980 1
255 1981 1
255 1982 1
255 1983 1
255 1984 1
255 1985 1
255 1986 1
255 1987 1
255 1988 1
255 1989 1
255 1990 1
255 1991 1
255 1992 1
255 1993 1
255 1994 1
255 1995 1
255 1996 1
255 1997 1
255 1998 1
255 1999 1
255 2000 1
255 2001 1
255 2002 1
255 2003 1
255 2004 1
255 2005 1
255 2006 1
255 2007 1
255 2008 1
255 2009 1
255 2010 1
255 2011 1
255 2012 1
255 2013 1
255 2014 1
255 2015 1
255 2016 1
255 2017 1
255 2018 1
255 2019 1
255 2020 1
255 2021 1
255 2022 1
255 2023 1
255 2024 1
255 2025 1
255 2026 1
255 2027 1
255 2028 1
255 2029 1
255 2030 1
255 2031 1
255 2032 1
255 2033 1
255 2034 1
255 2035 1
255 2036 1
255 2037 1
255 2038 1
255 2039 1
255 2040 1
255 2041 1
255 2042 1
255 2043 1
255 2044 1
255 2045 1
255 2046 1
255 2047 1
255 2048 1
255 2049 1
255 2050 1
255 2051 1
255 2052 1
255 2053 1
255 2054 1
255 2055 1
255 2056 1
255 2057 1
255 2058 1
255 2059 1
255 2060 1
255 2061 1
255 2062 1
255 2063 1
255 2064 1
255 2065 1
255 2066 1
255 2067 1
255 2068 1
255 2069 1
255 2070 1
255 2071 1
255 2072 1
255 2073 1
255 2074 1
255 2075 1
255 2076 1
255 2077 1
255 2078 1
255 2079 1
255 2080 1
255 2081 1
255 2082 1
255 2083 1
255 2084 1
255 2085 1
255 2086 1
255 2087 1
255 2088 1
255 2089 1
255 2090 1
255 2091 1
255 2092 1
255 2093 1
255 2094 1
255 2095 1
255 2096 1
255 2097 1
255 2098 1
255 2099 1
255 2100 1
255 2101 1
255 2102 1
255 2103 1
255 2104 1
255 2105 1
255 2106 1
255 2107 1
255 2108 1
255 2109 1
255 2110 1
255 2111 1
255 2112 1
255 2113 1
255 2114 1
255 2115 1
255 2116 1
255 2117 1
255 2118 1
255 2119 1
255 2120 1
255 2121 1
255 2122 1
255 2123 1
255 2124 1
255 2125 1
255 2126 1
255 2127 1
255 2128 1
255 2129 1
255 2130 1
255 2131 1
255 2132 1
255 2133 1
255 2134 1
255 2135 1
255 2136 1
255 2137 1
255 2138 1
255 2139 1
255 2140 1
255 2141 1
255 2142 1
255 2143 1
255 2144 1
255 2145 1
255 2146 1
255 2147 1
255 2148 1
255 2149 1
255 2150 1
255 2151 1
255 2152 1
255 2153 1
255 2154 1
255 2155 1
255 2156 1
255 2157 1
255 2158 1
255 2159 1
255 2160 1
255 2161 1
255 2162 1
255 2163 1
255 2164 1
255 2165 1
255 2166 1
255 2167 1
255 2168 1
255 2169 1
255 2170 1
255 2171 1
255 2172 1
255 2173 1
255 2174 1
255 2175 1
255 2176 1
255 2177 1
255 2178 1
255 2179 1
255 2180 1
255 2181 1
255 2182 1
255 2183 1
255 2184 1
255 2185 1
255 2186 1
255 2187 1
255 2188 1
255 2189 1
255 2190 1
255 2191 1
255 2192 1
255 2193 1
255 2194 1
255 2195 1
255 2196 1
255 2197 1
255 2198 1
255 2199 1
255 2200 1
255 2201 1
255 2202 1
255 2203 1
255 2204 1
255 2205 1
255 2206 1
255 2207 1
255 2208 1
255 2209 1
255 2210 1
255 2211 1
255 2212 1
255 2213 1
255 2214 1
255 2215 1
255 2216 1
255 2217 1
255 2218 1
255 2219 1
255 2220 1
255 2221 1
255 2222 1
255 2223 1
255 2224 1
255 2225 1
255 2226 1
255 2227 1
255 2228 1
255 2229 1
255 2230 1
255 2231 1
255 2232 1
255 2233 1
255 2234 1
255 2235 1
255 2236 1
255 2237 1
255 2238 1
255 2239 1
255 2240 1
255 2241 1
255 2242 1
255 2243 1
255 2244 1
255 2245 1
255 2246 1
255 2247 1
255 2248 1
255 2249 1
255 2250 1
255 2251 1
255 2252 1
255 2253 1
255 2254 1
255 2255 1
255 2256 1
255 2257 1
255 2258 1
255 2259 1
255 2260 1
255 2261 1
255 2262 1
255 2263 1
255 2264 1
255 2265 1
255 2266 1
255 2267 1
255 2268 1
255 2269 1
255 2270 1
255 2271 1
255 2272 1
255 2273 1
255 2274 1
255 2275 1
255 2276 1
255 2277 1
255 2278 1
255 2279 1
255 2280 1
255 2281 1
255 2282 1
255 2283 1
255 2284 1
255 2285 1
255 2286 1
255 2287 1
255 2288 1
255 2289 1
255 2290 1
255 2291 1
255 2292 1
255 2293 1
255 2294 1
255 2295 1
255 2296 1
255 2297 1
255 2298 1
255 2299 1
255 2300 1
255 2301 1
255 2302 1
255 2303 1
255 2304 1
255 2305 1
255 2306 1
255 2307 1
255 2308 1
255 2309 1
255 2310 1
255 2311 1
255 2312 1
255 2313 1
255 2314 1
255 2315 1
255 2316 1
255 2317 1
255 2318 1
255 2319 1
255 2320 1
255 2321 1
255 2322 1
255 2323 1
255 2324 1
255 2325 1
255 2326 1
255 2327 1
255 2328 1
255 2329 1
255 2330 1
255 2331 1
255 2332 1
255 2333 1
255 2334 1
255 2335 1
255 2336 1
255 2337 1
255 2338 1
255 2339 1
255 2340 1
255 2341 1
255 2342 1
255 2343 1
255 2344 1
255 2345 1
255 2346 1
255 2347 1
255 2348 1
255 2349 1
255 2350 1
255 2351 1
255 2352 1
255 2353 1
255 2354 1
255 2355 1
255 2356 1
255 2357 1
255 2358 1
255 2359 1
255 2360 1
255 2361 1
255 2362 1
255 2363 1
255 2364 1
255 2365 1
255 2366 1
255 2367 1
255 2368 1
255 2369 1
255 2370 1
255 2371 1
255 2372 1
255 2373 1
255 2374 1
255 2375 1
255 2376 1
255 2377 1
255 2378 1
255 2379 1
255 2380 1
255 2381 1
255 2382 1
255 2383 1
255 2384 1
255 2385 1
255 2386 1
255 2387 1
255 2388 1
255 2389 1
255 2390 1
255 2391 1
255 2392 1
255 2393 1
255 2394 1
255 2395 1
255 2396 1
255 2397 1
255 2398 1
255 2399 1
255 2400 1
255 2401 1
255 2402 1
255 2403 1
255 2404 1
255 2405 1
255 2406 1
255 2407 1
255 2408 1
255 2409 1
255 2410 1
255 2411 1
255 2412 1
255 2413 1
255 2414 1
255 2415 1
255 2416 1
255 2417 1
255 2418 1
255 2419 1
255 2420 1
255 2421 1
255 2422 1
255 2423 1
255 2424 1
255 2425 1
255 2426 1
255 2427 1
255 2428 1
255 2429 1
255 2430 1
255 2431 1
255 2432 1
255 2433 1
255 2434 1
255 2435 1
255 2436 1
255 2437 1
255 2438 1
255 2439 1
255 2440 1
255 2441 1
255 2442 1
255 2443 1
255 2444 1
255 2445 1
255 2446 1
255 2447 1
255 2448 1
255 2449 1
255 2450 1
255 2451 1
255 2452 1
255 2453 1
255 2454 1
255 2455 1
255 2456 1
255 2457 1
255 2458 1
255 2459 1
255 2460 1
255 2461 1
255 2462 1
255 2463 1
255 2464 1
255 2465 1
255 2466 1
255 2467 1
255 2468 1
255 2469 1
255 2470 1
255 2471 1
255 2472 1
255 2473 1
255 2474 1
255 2475 1
255 2476 1
255 2477 1
255 2478 1
255 2479 1
255 2480 1
255 2481 1
255 2482 1
255 2483 1
255 2484 1
255 2485 1
255 2486 1
255 2487 1
255 2488 1
255 2489 1
255 2490 1
255 2491 1
255 2492 1
255 2493 1
255 2494 1
255 2495 1
255 2496 1
255 2497 1
255 2498 1
255 2499 1
255 2500 1
255 2501 1
255 2502 1
255 2503 1
255 2504 1
255 2505 1
255 2506 1
255 2507 1
255 2508 1
255 2509 1
255 2510 1
255 2511 1
255 2512 1
255 2513 1
255 2514 1
255 2515 1
255 2516 1
255 2517 1
255 2518 1
255 2519 1
255 2520 1
255 2521 1
255 2522 1
255 2523 1
255 2524 1
255 2525 1
255 2526 1
255 2527 1
255 2528 1
255 2529 1
255 2530 1
255 2531 1
255 2532 1
255 2533 1
255 2534 1
255 2535 1
255 2536 1
255 2537 1
255 2538 1
255 2539 1
255 2540 1
255 2541 1
255 2542 1
255 2543 1
255 2544 1
255 2545 1
255 2546 1
255 2547 1
255 2548 1
255 2549 1
255 2550 1
255 2551 1
255 2552 1
255 2553 1
255 2554 1
255 2555 1
255 2556 1
255 2557 1
255 2558 1
255 2559 1
255 2560 1
255 2561 1
255 2562 1
255 2563 1
255 2564 1
255 2565 1
255 2566 1
255 2567 1
255 2568 1
255 2569 1
255 2570 1
255 2571 1
255 2572 1
255 2573 1
255 2574 1
255 2575 1
255 2576 1
255 2577 1
255 2578 1
255 2579 1
255 2580 1
255 2581 1
255 2582 1
255 2583 1
255 2584 1
255 2585 1
255 2586 1
255 2587 1
255 2588 1
255 2589 1
255 2590 1
255 2591 1
255 2592 1
255 2593 1
255 2594 1
255 2595 1
255 2596 1
255 2597 1
255 2598 1
255 2599 1
255 2600 1
255 2601 1
255 2602 1
255 2603 1
255 2604 1
255 2605 1
255 2606 1
255 2607 1
255 2608 1
255 2609 1
255 2610 1
255 2611 1
255 2612 1
255 2613 1
255 2614 1
255 2615 1
255 2616 1
255 2617 1
255 2618 1
255 2619 1
255 2620 1
255 2621 1
255 2622 1
255 2623 1
255 2624 1
255 2625 1
255 2626 1
255 2627 1
255 2628 1
255 2629 1
255 2630 1
255 2631 1
255 2632 1
255 2633 1
255 2634 1
255 2635 1
255 2636 1
255 2637 1
255 2638 1
255 2639 1
255 2640 1
255 2641 1
255 2642 1
255 2643 1
255 2644 1
255 2645 1
255 2646 1
255 2647 1
255 2648 1
255 2649 1
255 2650 1
255 2651 1
255 2652 1
255 2653 1
255 2654 1
255 2655 1
255 2656 1
255 2657 1
255 2658 1
255 2659 1
255 2660 1
255 2661 1
255 2662 1
255 2663 1
255 2664 1
255 2665 1
255 2666 1
255 2667 1
255 2668 1
255 2669 1
255 2670 1
255 2671 1
255 2672 1
255 2673 1
255 2674 1
255 2675 1
255 2676 1
255 2677 1
255 2678 1
255 2679 1
255 2680 1
255 2681 1
255 2682 1
255 2683 1
255 2684 1
255 2685 1
255 2686 1
255 2687 1
255 2688 1
255 2689 1
255 2690 1
255 2691 1
255 2692 1
255 2693 1
255 2694 1
255 2695 1
255 2696 1
255 2697 1
255 2698 1
255 2699 1
255 2700 1
255 2701 1
255 2702 1
255 2703 1
255 2704 1
255 2705 1
255 2706 1
255 2707 1
255 2708 1
255 2709 1
255 2710 1
255 2711 1
255 2712 1
255 2713 1
255 2714 1
255 2715 1
255 2716 1
255 2717 1
255 2718 1
255 2719 1
255 2720 1
255 2721 1
255 2722 1
255 2723 1
255 2724 1
255 2725 1
255 2726 1
255 2727 1
255 2728 1
255 2729 1
255 2730 1
255 2731 1
255 2732 1
255 2733 1
255 2734 1
255 2735 1
255 2736 1
255 2737 1
255 2738 1
255 2739 1
255 2740 1
255 2741 1
255 2742 1
255 2743 1
255 2744 1
255 2745 1
255 2746 1
255 2747 1
255 2748 1
255 2749 1
255 2750 1
255 2751 1
255 2752 1
255 2753 1
255 2754 1
255 2755 1
255 2756 1
255 2757 1
255 2758 1
255 2759 1
255 2760 1
255 2761 1
255 2762 1
255 2763 1
255 2764 1
255 2765 1
255 2766 1
255 2767 1
255 2768 1
255 2769 1
255 2770 1
255 2771 1
255 2772 1
255 2773 1
255 2774 1
255 2775 1
255 2776 1
255 2777 1
255 2778 1
255 2779 1
255 2780 1
255 2781 1
255 2782 1
255 2783 1
255 2784 1
255 2785 1
255 2786 1
255 2787 1
255 2788 1
255 2789 1
255 2790 1
255 2791 1
255 2792 1
255 2793 1
255 2794 1
255 2795 1
255 2796 1
255 2797 1
255 2798 1
255 2799 1
255 2800 1
255 2801 1
255 2802 1
255 2803 1
255 2804 1
255 2805 1
255 2806 1
255 2807 1
255 2808 1
255 2809 1
255 2810 1
255 2811 1
255 2812 1
255 2813 1
255 2814 1
255 2815 1
255 2816 1
255 2817 1
255 2818 1
255 2819 1
255 2820 1
255 2821 1
255 2822 1
255 2823 1
255 2824 1
255 2825 1
255 2826 1
255 2827 1
255 2828 1
255 2829 1
255 2830 1
255 2831 1
255 2832 1
255 2833 1
255 2834 1
255 2835 1
255 2836 1
255 2837 1
255 2838 1
255 2839 1
255 2840 1
255 2841 1
255 2842 1
255 2843 1
255 2844 1
255 2845 1
255 2846 1
255 2847 1
255 2848 1
255 2849 1
255 2850 1
255 2851 1
255 2852 1
255 2853 1
255 2854 1
255 2855 1
255 2856 1
255 2857 1
255 2858 1
255 2859 1
255 2860 1
255 2861 1
255 2862 1
255 2863 1
255 2864 1
255 2865 1
255 2866 1
255 2867 1
255 2868 1
255 2869 1
255 2870 1
255 2871 1
255 2872 1
255 2873 1
255 2874 1
255 2875 1
255 2876 1
255 2877 1
255 2878 1
255 2879 1
255 2880 1
255 2881 1
255 2882 1
255 2883 1
255 2884 1
255 2885 1
255 2886 1
255 2887 1
255 2888 1
255 2889 1
255 2890 1
255 2891 1
255 2892 1
255 2893 1
255 2894 1
255 2895 1
255 2896 1
255 2897 1
255 2898 1
255 2899 1
255 2900 1
255 2901 1
255 2902 1
255 2903 1
255 2904 1
255 2905 1
255 2906 1
255 2907 1
255 2908 1
255 2909 1
255 2910 1
255 2911 1
255 2912 1
255 2913 1
255 2914 1
255 2915 1
255 2916 1
255 2917 1
255 2918 1
255 2919 1
255 2920 1
255 2921 1
255 2922 1
255 2923 1
255 2924 1
255 2925 1
255 2926 1
255 2927 1
255 2928 1
255 2929 1
255 2930 1
255 2931 1
255 2932 1
255 2933 1
255 2934 1
255 2935 1
255 2936 1
255 2937 1
255 2938 1
255 2939 1
255 2940 1
255 2941 1
255 2942 1
255 2943 1
255 2944 1
255 2945 1
255 2946 1
255 2947 1
255 2948 1
255 2949 1
255 2950 1
255 2951 1
255 2952 1
255 2953 1
255 2954 1
255 2955 1
255 2956 1
255 2957 1
255 2958 1
255 2959 1
255 2960 1
255 2961 1
255 2962 1
255 2963 1
255 2964 1
255 2965 1
255 2966 1
255 2967 1
255 2968 1
255 2969 1
255 2970 1
255 2971 1
255 2972 1
255 2973 1
255 2974 1
255 2975 1
255 2976 1
255 2977 1
255 2978 1
255 2979 1
255 2980 1
255 2981 1
255 2982 1
255 2983 1
255 2984 1
255 2985 1
255 2986 1
255 2987 1
255 2988 1
255 2989 1
255 2990 1
255 2991 1
255 2992 1
255 2993 1
255 2994 1
255 2995 1
255 2996 1
255 2997 1
255 2998 1
255 2999 1
255 3000 1
255 3001 1
255 3002 1
255 3003 1
255 3004 1
255 3005 1
255 3006 1
255 3007 1
255 3008 1
255 3009 1
255 3010 1
255 3011 1
255 3012 1
255 3013 1
255 3014 1
255 3015 1
255 3016 1
255 3017 1
255 3018 1
255 3019 1
255 3020 1
255 3021 1
255 3022 1
255 3023 1
255 3024 1
255 3025 1
255 3026 1
255 3027 1
255 3028 1
255 3029 1
255 3030 1
255 3031 1
255 3032 1
255 3033 1
255 3034 1
255 3035 1
255 3036 1
255 3037 1
255 3038 1
255 3039 1
255 3040 1
255 3041 1
255 3042 1
255 3043 1
255 3044 1
255 3045 1
255 3046 1
255 3047 1
255 3048 1
255 3049 1
255 3050 1
255 3051 1
255 3052 1
255 3053 1
255 3054 1
255 3055 1
255 3056 1
255 3057 1
255 3058 1
255 3059 1
255 3060 1
255 3061 1
255 3062 1
255 3063 1
255 3064 1
255 3065 1
255 3066 1
255 3067 1
255 3068 1
255 3069 1
255 3070 1
255 3071 1
255 3072 1
255 3073 1
255 3074 1
255 3075 1
255 3076 1
255 3077 1
255 3078 1
255 3079 1
255 3080 1
255 3081 1
255 3082 1
255 3083 1
255 3084 1
255 3085 1
255 3086 1
255 3087 1
255 3088 1
255 3089 1
255 3090 1
255 3091 1
255 3092 1
255 3093 1
255 3094 1
255 3095 1
255 3096 1
255 3097 1
255 3098 1
255 3099 1
255 3100 1
255 3101 1
255 3102 1
255 3103 1
255 3104 1
255 3105 1
255 3106 1
255 3107 1
255 3108 1
255 3109 1
255 3110 1
255 3111 1
255 3112 1
255 3113 1
255 3114 1
255 3115 1
255 3116 1
255 3117 1
255 3118 1
255 3119 1
255 3120 1
255 3121 1
255 3122 1
255 3123 1
255 3124 1
255 3125 1
255 3126 1
255 3127 1
255 3128 1
255 3129 1
255 3130 1
255 3131 1
255 3132 1
255 3133 1
255 3134 1
255 3135 1
255 3136 1
255 3137 1
255 3138 1
255 3139 1
255 3140 1
255 3141 1
255 3142 1
255 3143 1
255 3144 1
255 3145 1
255 3146 1
255 3147 1
255 3148 1
255 3149 1
255 3150 1
255 3151 1
255 3152 1
255 3153 1
255 3154 1
255 3155 1
255 3156 1
255 3157 1
255 3158 1
255 3159 1
255 3160 1
255 3161 1
255 3162 1
255 3163 1
255 3164 1
255 3165 1
255 3166 1
255 3167 1
255 3168 1
255 3169 1
255 3170 1
255 3171 1
255 3172 1
255 3173 1
255 3174 1
255 3175 1
255 3176 1
255 3177 1
255 3178 1
255 3179 1
255 3180 1
255 3181 1
255 3182 1
255 3183 1
255 3184 1
255 3185 1
255 3186 1
255 3187 1
255 3188 1
255 3189 1
255 3190 1
255 3191 1
255 3192 1
255 3193 1
255 3194 1
255 3195 1
255 3196 1
255 3197 1
255 3198 1
255 3199 1
255 3200 1
255 3201 1
255 3202 1
255 3203 1
255 3204 1
255 3205 1
255 3206 1
255 3207 1
255 3208 1
255 3209 1
255 3210 1
255 3211 1
255 3212 1
255 3213 1
255 3214 1
255 3215 1
255 3216 1
255 3217 1
255 3218 1
255 3219 1
255 3220 1
255 3221 1
255 3222 1
255 3223 1
255 3224 1
255 3225 1
255 3226 1
255 3227 1
255 3228 1
255 3229 1
255 3230 1
255 3231 1
255 3232 1
255 3233 1
255 3234 1
255 3235 1
255 3236 1
255 3237 1
255 3238 1
255 3239 1
255 3240 1
255 3241 1
255 3242 1
255 3243 1
255 3244 1
255 3245 1
255 3246 1
255 3247 1
255 3248 1
255 3249 1
255 3250 1
255 3251 1
255 3252 1
255 3253 1
255 3254 1
255 3255 1
255 3256 1
255 3257 1
255 3258 1
255 3259 1
255 3260 1
255 3261 1
255 3262 1
255 3263 1
255 3264 1
255 3265 1
255 3266 1
255 3267 1
255 3268 1
255 3269 1
255 3270 1
255 3271 1
255 3272 1
255 3273 1
255 3274 1
255 3275 1
255 3276 1
255 3277 1
255 3278 1
255 3279 1
255 3280 1
255 3281 1
255 3282 1
255 3283 1
255 3284 1
255 3285 1
255 3286 1
255 3287 1
255 3288 1
255 3289 1
255 3290 1
255 3291 1
255 3292 1
255 3293 1
255 3294 1
255 3295 1
255 3296 1
255 3297 1
255 3298 1
255 3299 1
255 3300 1
255 3301 1
255 3302 1
255 3303 1
255 3304 1
255 3305 1
255 3306 1
255 3307 1
255 3308 1
255 3309 1
255 3310 1
255 3311 1
255 3312 1
255 3313 1
255 3314 1
255 3315 1
255 3316 1
255 3317 1
255 3318 1
255 3319 1
255 3320 1
255 3321 1
255 3322 1
255 3323 1
255 3324 1
255 3325 1
255 3326 1
255 3327 1
255 3328 1
255 3329 1
255 3330 1
255 3331 1
255 3332 1
255 3333 1
255 3334 1
255 3335 1
255 3336 1
255 3337 1
255 3338 1
255 3339 1
255 3340 1
255 3341 1
255 3342 1
255 3343 1
255 3344 1
255 3345 1
255 3346 1
255 3347 1
255 3348 1
255 3349 1
255 3350 1
255 3351 1
255 3352 1
255 3353 1
255 3354 1
255 3355 1
255 3356 1
255 3357 1
255 3358 1
255 3359 1
255 3360 1
255 3361 1
255 3362 1
255 3363 1
255 3364 1
255 3365 1
255 3366 1
255 3367 1
255 3368 1
255 3369 1
255 3370 1
255 3371 1
255 3372 1
255 3373 1
255 3374 1
255 3375 1
255 3376 1
255 3377 1
255 3378 1
255 3379 1
255 3380 1
255 3381 1
255 3382 1
255 3383 1
255 3384 1
255 3385 1
255 3386 1
255 3387 1
255 3388 1
255 3389 1
255 3390 1
255 3391 1
255 3392 1
255 3393 1
255 3394 1
255 3395 1
255 3396 1
255 3397 1
255 3398 1
255 3399 1
255 3400 1
255 3401 1
255 3402 1
255 3403 1
255 3404 1
255 3405 1
255 3406 1
255 3407 1
255 3408 1
255 3409 1
255 3410 1
255 3411 1
255 3412 1
255 3413 1
255 3414 1
255 3415 1
255 3416 1
255 3417 1
255 3418 1
255 3419 1
255 3420 1
255 3421 1
255 3422 1
255 3423 1
255 3424 1
255 3425 1
255 3426 1
255 3427 1
255 3428 1
255 3429 1
255 3430 1
255 3431 1
255 3432 1
255 3433 1
255 3434 1
255 3435 1
255 3436 1
255 3437 1
255 3438 1
255 3439 1
255 3440 1
255 3441 1
255 3442 1
255 3443 1
255 3444 1
255 3445 1
255 3446 1
255 3447 1
255 3448 1
255 3449 1
255 3450 1
255 3451 1
255 3452 1
255 3453 1
255 3454 1
255 3455 1
255 3456 1
255 3457 1
255 3458 1
255 3459 1
255 3460 1
255 3461 1
255 3462 1
255 3463 1
255 3464 1
255 3465 1
255 3466 1
255 3467 1
255 3468 1
255 3469 1
255 3470 1
255 3471 1
255 3472 1
255 3473 1
255 3474 1
255 3475 1
255 3476 1
255 3477 1
255 3478 1
255 3479 1
255 3480 1
255 3481 1
255 3482 1
255 3483 1
255 3484 1
255 3485 1
255 3486 1
255 3487 1
255 3488 1
255 3489 1
255 3490 1
255 3491 1
255 3492 1
255 3493 1
255 3494 1
255 3495 1
255 3496 1
255 3497 1
255 3498 1
255 3499 1
255 3500 1
255 3501 1
255 3502 1
255 3503 1
255 3504 1
255 3505 1
255 3506 1
255 3507 1
255 3508 1
255 3509 1
255 3510 1
255 3511 1
255 3512 1
255 3513 1
255 3514 1
255 3515 1
255 3516 1
255 3517 1
255 3518 1
255 3519 1
255 3520 1
255 3521 1
255 3522 1
255 3523 1
255 3524 1
255 3525 1
255 3526 1
255 3527 1
255 3528 1
255 3529 1
255 3530 1
255 3531 1
255 3532 1
255 3533 1
255 3534 1
255 3535 1
255 3536 1
255 3537 1
255 3538 1
255 3539 1
255 3540 1
255 3541 1
255 3542 1
255 3543 1
255 3544 1
255 3545 1
255 3546 1
255 3547 1
255 3548 1
255 3549 1
255 3550 1
255 3551 1
255 3552 1
255 3553 1
255 3554 1
255 3555 1
255 3556 1
255 3557 1
255 3558 1
255 3559 1
255 3560 1
255 3561 1
255 3562 1
255 3563 1
255 3564 1
255 3565 1
255 3566 1
255 3567 1
255 3568 1
255 3569 1
255 3570 1
255 3571 1
255 3572 1
255 3573 1
255 3574 1
255 3575 1
255 3576 1
255 3577 1
255 3578 1
255 3579 1
255 3580 1
255 3581 1
255 3582 1
255 3583 1
255 3584 1
255 3585 1
255 3586 1
255 3587 1
255 3588 1
255 3589 1
255 3590 1
255 3591 1
255 3592 1
255 3593 1
255 3594 1
255 3595 1
255 3596 1
255 3597 1
255 3598 1
255 3599 1
255 3600 1
255 3601 1
255 3602 1
255 3603 1
255 3604 1
255 3605 1
255 3606 1
255 3607 1
255 3608 1
255 3609 1
255 3610 1
255 3611 1
255 3612 1
255 3613 1
255 3614 1
255 3615 1
255 3616 1
255 3617 1
255 3618 1
255 3619 1
255 3620 1
255 3621 1
255 3622 1
255 3623 1
255 3624 1
255 3625 1
255 3626 1
255 3627 1
255 3628 1
255 3629 1
255 3630 1
255 3631 1
255 3632 1
255 3633 1
255 3634 1
255 3635 1
255 3636 1
255 3637 1
255 3638 1
255 3639 1
255 3640 1
255 3641 1
255 3642 1
255 3643 1
255 3644 1
255 3645 1
255 3646 1
255 3647 1
255 3648 1
255 3649 1
255 3650 1
255 3651 1
255 3652 1
255 3653 1
255 3654 1
255 3655 1
255 3656 1
255 3657 1
255 3658 1
255 3659 1
255 3660 1
255 3661 1
255 3662 1
255 3663 1
255 3664 1
255 3665 1
255 3666 1
255 3667 1
255 3668 1
255 3669 1
255 3670 1
255 3671 1
255 3672 1
255 3673 1
255 3674 1
255 3675 1
255 3676 1
255 3677 1
255 3678 1
255 3679 1
255 3680 1
255 3681 1
255 3682 1
255 3683 1
255 3684 1
255 3685 1
255 3686 1
255 3687 1
255 3688 1
255 3689 1
255 3690 1
255 3691 1
255 3692 1
255 3693 1
255 3694 1
255 3695 1
255 3696 1
255 3697 1
255 3698 1
255 3699 1
255 3700 1
255 3701 1
255 3702 1
255 3703 1
255 3704 1
255 3705 1
255 3706 1
255 3707 1
255 3708 1
255 3709 1
255 3710 1
255 3711 1
255 3712 1
255 3713 1
255 3714 1
255 3715 1
255 3716 1
255 3717 1
255 3718 1
255 3719 1
255 3720 1
255 3721 1
255 3722 1
255 3723 1
255 3724 1
255 3725 1
255 3726 1
255 3727 1
255 3728 1
255 3729 1
255 3730 1
255 3731 1
255 3732 1
255 3733 1
255 3734 1
255 3735 1
255 3736 1
255 3737 1
255 3738 1
255 3739 1
255 3740 1
255 3741 1
255 3742 1
255 3743 1
255 3744 1
255 3745 1
255 3746 1
255 3747 1
255 3748 1
255 3749 1
255 3750 1
255 3751 1
255 3752 1
255 3753 1
255 3754 1
255 3755 1
255 3756 1
255 3757 1
255 3758 1
255 3759 1
255 3760 1
255 3761 1
255 3762 1
255 3763 1
255 3764 1
255 3765 1
255 3766 1
255 3767 1
255 3768 1
255 3769 1
255 3770 1
255 3771 1
255 3772 1
255 3773 1
255 3774 1
255 3775 1
255 3776 1
255 3777 1
255 3778 1
255 3779 1
255 3780 1
255 3781 1
255 3782 1
255 3783 1
255 3784 1
255 3785 1
255 3786 1
255 3787 1
255 3788 1
255 3789 1
255 3790 1
255 3791 1
255 3792 1
255 3793 1
255 3794 1
255 3795 1
255 3796 1
255 3797 1
255 3798 1
255 3799 1
255 3800 1
255 3801 1
255 3802 1
255 3803 1
255 3804 1
255 3805 1
255 3806 1
255 3807 1
255 3808 1
255 3809 1
255 3810 1
255 3811 1
255 3812 1
255 3813 1
255 3814 1
255 3815 1
255 3816 1
255 3817 1
255 3818 1
255 3819 1
255 3820 1
255 3821 1
255 3822 1
255 3823 1
255 3824 1
255 3825 1
255 3826 1
255 3827 1
255 3828 1
255 3829 1
255 3830 1
255 3831 1
255 3832 1
255 3833 1
255 3834 1
255 3835 1
255 3836 1
255 3837 1
255 3838 1
255 3839 1
255 3840 1
255 3841 1
255 3842 1
255 3843 1
255 3844 1
255 3845 1
255 3846 1
255 3847 1
255 3848 1
255 3849 1
255 3850 1
255 3851 1
255 3852 1
255 3853 1
255 3854 1
255 3855 1
255 3856 1
255 3857 1
255 3858 1
255 3859 1
255 3860 1
255 3861 1
255 3862 1
255 3863 1
255 3864 1
255 3865 1
255 3866 1
255 3867 1
255 3868 1
255 3869 1
255 3870 1
255 3871 1
255 3872 1
255 3873 1
255 3874 1
255 3875 1
255 3876 1
255 3877 1
255 3878 1
255 3879 1
255 3880 1
255 3881 1
255 3882 1
255 3883 1
255 3884 1
255 3885 1
255 3886 1
255 3887 1
255 3888 1
255 3889 1
255 3890 1
255 3891 1
255 3892 1
255 3893 1
255 3894 1
255 3895 1
255 3896 1
255 3897 1
255 3898 1
255 3899 1
255 3900 1
255 3901 1
255 3902 1
255 3903 1
255 3904 1
255 3905 1
255 3906 1
255 3907 1
255 3908 1
255 3909 1
255 3910 1
255 3911 1
255 3912 1
255 3913 1
255 3914 1
255 3915 1
255 3916 1
255 3917 1
255 3918 1
255 3919 1
255 3920 1
255 3921 1
255 3922 1
255 3923 1
255 3924 1
255 3925 1
255 3926 1
255 3927 1
255 3928 1
255 3929 1
255 3930 1
255 3931 1
255 3932 1
255 3933 1
255 3934 1
255 3935 1
255 3936 1
255 3937 1
255 3938 1
255 3939 1
255 3940 1
255 3941 1
255 3942 1
255 3943 1
255 3944 1
255 3945 1
255 3946 1
255 3947 1
255 3948 1
255 3949 1
255 3950 1
255 3951 1
255 3952 1
255 3953 1
255 3954 1
255 3955 1
255 3956 1
255 3957 1
255 3958 1
255 3959 1
255 3960 1
255 3961 1
255 3962 1
255 3963 1
255 3964 1
255 3965 1
255 3966 1
255 3967 1
255 3968 1
255 3969 1
255 3970 1
255 3971 1
255 3972 1
255 3973 1
255 3974 1
255 3975 1
255 3976 1
255 3977 1
255 3978 1
255 3979 1
255 3980 1
255 3981 1
255 3982 1
255 3983 1
255 3984 1
255 3985 1
255 3986 1
255 3987 1
255 3988 1
255 3989 1
255 3990 1
255 3991 1
255 3992 1
255 3993 1
255 3994 1
255 3995 1
255 3996 1
255 3997 1
255 3998 1
255 3999 1
255 4000 1
255 4001 1
255 4002 1
255 4003 1
255 4004 1
255 4005 1
255 4006 1
255 4007 1
255 4008 1
255 4009 1
255 4010 1
255 4011 1
255 4012 1
255 4013 1
255 4014 1
255 4015 1
255 4016 1
255 4017 1
255 4018 1
255 4019 1
255 4020 1
255 4021 1
255 4022 1
255 4023 1
255 4024 1
255 4025 1
255 4026 1
255 4027 1
255 4028 1
255 4029 1
255 4030 1
255 4031 1
255 4032 1
255 4033 1
255 4034 1
255 4035 1
255 4036 1
255 4037 1
255 4038 1
255 4039 1
255 4040 1
255 4041 1
255 4042 1
255 4043 1
255 4044 1
255 4045 1
255 4046 1
255 4047 1
255 4048 1
255 4049 1
255 4050 1
255 4051 1
255 4052 1
255 4053 1
255 4054 1
255 4055 1
255 4056 1
255 4057 1
255 4058 1
255 4059 1
255 4060 1
255 4061 1
255 4062 1
255 4063 1
255 4064 1
255 4065 1
255 4066 1
255 4067 1
255 4068 1
255 4069 1
255 4070 1
255 4071 1
255 4072 1
255 4073 1
255 4074 1
255 4075 1
255 4076 1
255 4077 1
255 4078 1
255 4079 1
255 4080 1
255 4081 1
255 4082 1
255 4083 1
255 4084 1
255 4085 1
255 4086 1
255 4087 1
255 4088 1
255 4089 1
255 4090 1
255 4091 1
255 4092 1
255 4093 1
255 4094 1
255 4095 1
0 4095 1
1 4095 1
2 4095 1
3 4095 1
4 4095 1
5 4095 1
6 4095 1
7 4095 1
8 4095 1
9 4095 1
10 4095 1
11 4095 1
12 4095 1
13 4095 1
14 4095 1
15 4095 1
16 4095 1
17 4095 1
18 4095 1
19 4095 1
20 4095 1
21 4095 1
22 4095 1
23 4095 1
24 4095 1
25 4095 1
26 4095 1
27 4095 1
28 4095 1
29 4095 1
30 4095 1
31 4095 1
32 4095 1
33 4095 1
34 4095 1
35 4095 1
36 4095 1
37 4095 1
38 4095 1
39 4095 1
40 4095 1
41 4095 1
42 4095 1
43 4095 1
44 4095 1
45 4095 1
46 4095 1
47 4095 1
48 4095 1
49 4095 1
50 4095 1
51 4095 1
52 4095 1
53 4095 1
54 4095 1
55 4095 1
56 4095 1
57 4095 1
58 4095 1
59 4095 1
60 4095 1
61 4095 1
62 4095 1
63 4095 1
64 4095 1
65 4095 1
66 4095 1
67 4095 1
68 4095 1
69 4095 1
70 4095 1
71 4095 1
72 4095 1
73 4095 1
74 4095 1
75 4095 1
76 4095 1
77 4095 1
78 4095 1
79 4095 1
80 4095 1
81 4095 1
82 4095 1
83 4095 1
84 4095 1
85 4095 1
86 4095 1
87 4095 1
88 4095 1
89 4095 1
90 4095 1
91 4095 1
92 4095 1
93 4095 1
94 4095 1
95 4095 1
96 4095 1
97 4095 1
98 4095 1
99 4095 1
100 4095 1
101 4095 1
102 4095 1
103 4095 1
104 4095 1
105 4095 1
106 4095 1
107 4095 1
108 4095 1
109 4095 1
110 4095 1
111 4095 1
112 4095 1
113 4095 1
114 4095 1
115 4095 1
116 4095 1
117 4095 1
118 4095 1
119 4095 1
120 4095 1
121 4095 1
122 4095 1
123 4095 1
124 4095 1
125 4095 1
126 4095 1
127 4095 1
128 4095 1
129 4095 1
130 4095 1
131 4095 1
132 4095 1
133 4095 1
134 4095 1
135 4095 1
136 4095 1
137 4095 1
138 4095 1
139 4095 1
140 4095 1
141 4095 1
142 4095 1
143 4095 1
144 4095 1
145 4095 1
146 4095 1
147 4095 1
148 4095 1
149 4095 1
150 4095 1
151 4095 1
152 4095 1
153 4095 1
154 4095 1
155 4095 1
156 4095 1
157 4095 1
158 4095 1
159 4095 1
160 4095 1
161 4095 1
162 4095 1
163 4095 1
164 4095 1
165 4095 1
166 4095 1
167 4095 1
168 4095 1
169 4095 1
170 4095 1
171 4095 1
172 4095 1
173 4095 1
174 4095 1
175 4095 1
176 4095 1
177 4095 1
178 4095 1
179 4095 1
180 4095 1
181 4095 1
182 4095 1
183 4095 1
184 4095 1
185 4095 1
186 4095 1
187 4095 1
188 4095 1
189 4095 1
190 4095 1
191 4095 1
192 4095 1
193 4095 1
194 4095 1
195 4095 1
196 4095 1
197 4095 1
198 4095 1
199 4095 1
200 4095 1
201 4095 1
202 4095 1
203 4095 1
204 4095 1
205 4095 1
206 4095 1
207 4095 1
208 4095 1
209 4095 1
210 4095 1
211 4095 1
212 4095 1
213 4095 1
214 4095 1
215 4095 1
216 4095 1
217 4095 1
218 4095 1
219 4095 1
220 4095 1
221 4095 1
222 4095 1
223 4095 1
224 4095 1
225 4095 1
226 4095 1
227 4095 1
228 4095 1
229 4095 1
230 4095 1
231 4095 1
232 4095 1
233 4095 1
234 4095 1
235 4095 1
236 4095 1
237 4095 1
238 4095 1
239 4095 1
240 4095 1
241 4095 1
242 4095 1
243 4095 1
244 4095 1
245 4095 1
246 4095 1
247 4095 1
248 4095 1
249 4095 1
250 4095 1
251 4095 1
252 4095 1
253 4095 1
254 4095 1
255 4095 1
0 0 1
0 1 1
0 2 1
0 3 1
0 4 1
0 5 1
0 6 1
0 7 1
0 8 1
0 9 1
0 10 1
0 11 1
0 12 1
0 13 1
0 14 1
0 15 1
0 16 1
0 17 1
0 18 1
0 19 1
0 20 1
0 21 1
0 22 1
0 23 1
0 24 1
0 25 1
0 26 1
0 27 1
0 28 1
0 29 1
0 30 1
0 31 1
0 32 1
0 33 1
0 34 1
0 35 1
0 36 1
0 37 1
0 38 1
0 39 1
0 40 1
0 41 1
0 42 1
0 43 1
0 44 1
0 45 1
0 46 1
0 47 1
0 48 1
0 49 1
0 50 1
0 51 1
0 52 1
0 53 1
0 54 1
0 55 1
0 56 1
0 57 1
0 58 1
0 59 1
0 60 1
0 61 1
0 62 1
0 63 1
0 64 1
0 65 1
0 66 1
0 67 1
0 68 1
0 69 1
0 70 1
0 71 1
0 72 1
0 73 1
0 74 1
0 75 1
0 76 1
0 77 1
0 78 1
0 79 1
0 80 1
0 81 1
0 82 1
0 83 1
0 84 1
0 85 1
0 86 1
0 87 1
0 88 1
0 89 1
0 90 1
0 91 1
0 92 1
0 93 1
0 94 1
0 95 1
0 96 1
0 97 1
0 98 1
0 99 1
0 100 1
0 101 1
0 102 1
0 103 1
0 104 1
0 105 1
0 106 1
0 107 1
0 108 1
0 109 1
0 110 1
0 111 1
0 112 1
0 113 1
0 114 1
0 115 1
0 116 1
0 117 1
0 118 1
0 119 1
0 120 1
0 121 1
0 122 1
0 123 1
0 124 1
0 125 1
0 126 1
0 127 1
0 128 1
0 129 1
0 130 1
0 131 1
0 132 1
0 133 1
0 134 1
0 135 1
0 136 1
0 137 1
0 138 1
0 139 1
0 140 1
0 141 1
0 142 1
0 143 1
0 144 1
0 145 1
0 146 1
0 147 1
0 148 1
0 149 1
0 150 1
0 151 1
0 152 1
0 153 1
0 154 1
0 155 1
0 156 1
0 157 1
0 158 1
0 159 1
0 160 1
0 161 1
0 162 1
0 163 1
0 164 1
0 165 1
0 166 1
0 167 1
0 168 1
0 169 1
0 170 1
0 171 1
0 172 1
0 173 1
0 174 1
0 175 1
0 176 1
0 177 1
0 178 1
0 179 1
0 180 1
0 181 1
0 182 1
0 183 1
0 184 1
0 185 1
0 186 1
0 187 1
0 188 1
0 189 1
0 190 1
0 191 1
0 192 1
0 193 1
0 194 1
0 195 1
0 196 1
0 197 1
0 198 1
0 199 1
0 200 1
0 201 1
0 202 1
0 203 1
0 204 1
0 205 1
0 206 1
0 207 1
0 208 1
0 209 1
0 210 1
0 211 1
0 212 1
0 213 1
0 214 1
0 215 1
0 216 1
0 217 1
0 218 1
0 219 1
0 220 1
0 221 1
0 222 1
0 223 1
0 224 1
0 225 1
0 226 1
0 227 1
0 228 1
0 229 1
0 230 1
0 231 1
0 232 1
0 233 1
0 234 1
0 235 1
0 236 1
0 237 1
0 238 1
0 239 1
0 240 1
0 241 1
0 242 1
0 243 1
0 244 1
0 245 1
0 246 1
0 247 1
0 248 1
0 249 1
0 250 1
0 251 1
0 252 1
0 253 1
0 254 1
0 255 1
0 256 1
0 257 1
0 258 1
0 259 1
0 260 1
0 261 1
0 262 1
0 263 1
0 264 1
0 265 1
0 266 1
0 267 1
0 268 1
0 269 1
0 270 1
0 271 1
0 272 1
0 273 1
0 274 1
0 275 1
0 276 1
0 277 1
0 278 1
0 279 1
0 280 1
0 281 1
0 282 1
0 283 1
0 284 1
0 285 1
0 286 1
0 287 1
0 288 1
0 289 1
0 290 1
0 291 1
0 292 1
0 293 1
0 294 1
0 295 1
0 296 1
0 297 1
0 298 1
0 299 1
0 300 1
0 301 1
0 302 1
0 303 1
0 304 1
0 305 1
0 306 1
0 307 1
0 308 1
0 309 1
0 310 1
0 311 1
0 312 1
0 313 1
0 314 1
0 315 1
0 316 1
0 317 1
0 318 1
0 319 1
0 320 1
0 321 1
0 322 1
0 323 1
0 324 1
0 325 1
0 326 1
0 327 1
0 328 1
0 329 1
0 330 1
0 331 1
0 332 1
0 333 1
0 334 1
0 335 1
0 336 1
0 337 1
0 338 1
0 339 1
0 340 1
0 341 1
0 342 1
0 343 1
0 344 1
0 345 1
0 346 1
0 347 1
0 348 1
0 349 1
0 350 1
0 351 1
0 352 1
0 353 1
0 354 1
0 355 1
0 356 1
0 357 1
0 358 1
0 359 1
0 360 1
0 361 1
0 362 1
0 363 1
0 364 1
0 365 1
0 366 1
0 367 1
0 368 1
0 369 1
0 370 1
0 371 1
0 372 1
0 373 1
0 374 1
0 375 1
0 376 1
0 377 1
0 378 1
0 379 1
0 380 1
0 381 1
0 382 1
0 383 1
0 384 1
0 385 1
0 386 1
0 387 1
0 388 1
0 389 1
0 390 1
0 391 1
0 392 1
0 393 1
0 394 1
0 395 1
0 396 1
0 397 1
0 398 1
0 399 1
0 400 1
0 401 1
0 402 1
0 403 1
0 404 1
0 405 1
0 406 1
0 407 1
0 408 1
0 409 1
0 410 1
0 411 1
0 412 1
0 413 1
0 414 1
0 415 1
0 416 1
0 417 1
0 418 1
0 419 1
0 420 1
0 421 1
0 422 1
0 423 1
0 424 1
0 425 1
0 426 1
0 427 1
0 428 1
0 429 1
0 430 1
0 431 1
0 432 1
0 433 1
0 434 1
0 435 1
0 436 1
0 437 1
0 438 1
0 439 1
0 440 1
0 441 1
0 442 1
0 443 1
0 444 1
0 445 1
0 446 1
0 447 1
0 448 1
0 449 1
0 450 1
0 451 1
0 452 1
0 453 1
0 454 1
0 455 1
0 456 1
0 457 1
0 458 1
0 459 1
0 460 1
0 461 1
0 462 1
0 463 1
0 464 1
0 465 1
0 466 1
0 467 1
0 468 1
0 469 1
0 470 1
0 471 1
0 472 1
0 473 1
0 474 1
0 475 1
0 476 1
0 477 1
0 478 1
0 479 1
0 480 1
0 481 1
0 482 1
0 483 1
0 484 1
0 485 1
0 486 1
0 487 1
0 488 1
0 489 1
0 490 1
0 491 1
0 492 1
0 493 1
0 494 1
0 495 1
0 496 1
0 497 1
0 498 1
0 499 1
0 500 1
0 501 1
0 502 1
0 503 1
0 504 1
0 505 1
0 506 1
0 507 1
0 508 1
0 509 1
0 510 1
0 511 1
0 512 1
0 513 1
0 514 1
0 515 1
0 516 1
0 517 1
0 518 1
0 519 1
0 520 1
0 521 1
0 522 1
0 523 1
0 524 1
0 525 1
0 526 1
0 527 1
0 528 1
0 529 1
0 530 1
0 531 1
0 532 1
0 533 1
0 534 1
0 535 1
0 536 1
0 537 1
0 538 1
0 539 1
0 540 1
0 541 1
0 542 1
0 543 1
0 544 1
0 545 1
0 546 1
0 547 1
0 548 1
0 549 1
0 550 1
0 551 1
0 552 1
0 553 1
0 554 1
0 555 1
0 556 1
0 557 1
0 558 1
0 559 1
0 560 1
0 561 1
0 562 1
0 563 1
0 564 1
0 565 1
0 566 1
0 567 1
0 568 1
0 569 1
0 570 1
0 571 1
0 572 1
0 573 1
0 574 1
0 575 1
0 576 1
0 577 1
0 578 1
0 579 1
0 580 1
0 581 1
0 582 1
0 583 1
0 584 1
0 585 1
0 586 1
0 587 1
0 588 1
0 589 1
0 590 1
0 591 1
0 592 1
0 593 1
0 594 1
0 595 1
0 596 1
0 597 1
0 598 1
0 599 1
0 600 1
0 601 1
0 602 1
0 603 1
0 604 1
0 605 1
0 606 1
0 607 1
0 608 1
0 609 1
0 610 1
0 611 1
0 612 1
0 613 1
0 614 1
0 615 1
0 616 1
0 617 1
0 618 1
0 619 1
0 620 1
0 621 1
0 622 1
0 623 1
0 624 1
0 625 1
0 626 1
0 627 1
0 628 1
0 629 1
0 630 1
0 631 1
0 632 1
0 633 1
0 634 1
0 635 1
0 636 1
0 637 1
0 638 1
0 639 1
0 640 1
0 641 1
0 642 1
0 643 1
0 644 1
0 645 1
0 646 1
0 647 1
0 648 1
0 649 1
0 650 1
0 651 1
0 652 1
0 653 1
0 654 1
0 655 1
0 656 1
0 657 1
0 658 1
0 659 1
0 660 1
0 661 1
0 662 1
0 663 1
0 664 1
0 665 1
0 666 1
0 667 1
0 668 1
0 669 1
0 670 1
0 671 1
0 672 1
0 673 1
0 674 1
0 675 1
0 676 1
0 677 1
0 678 1
0 679 1
0 680 1
0 681 1
0 682 1
0 683 1
0 684 1
0 685 1
0 686 1
0 687 1
0 688 1
0 689 1
0 690 1
0 691 1
0 692 1
0 693 1
0 694 1
0 695 1
0 696 1
0 697 1
0 698 1
0 699 1
0 700 1
0 701 1
0 702 1
0 703 1
0 704 1
0 705 1
0 706 1
0 707 1
0 708 1
0 709 1
0 710 1
0 711 1
0 712 1
0 713 1
0 714 1
0 715 1
0 716 1
0 717 1
0 718 1
0 719 1
0 720 1
0 721 1
0 722 1
0 723 1
0 724 1
0 725 1
0 726 1
0 727 1
0 728 1
0 729 1
0 730 1
0 731 1
0 732 1
0 733 1
0 734 1
0 735 1
0 736 1
0 737 1
0 738 1
0 739 1
0 740 1
0 741 1
0 742 1
0 743 1
0 744 1
0 745 1
0 746 1
0 747 1
0 748 1
0 749 1
0 750 1
0 751 1
0 752 1
0 753 1
0 754 1
0 755 1
0 756 1
0 757 1
0 758 1
0 759 1
0 760 1
0 761 1
0 762 1
0 763 1
0 764 1
0 765 1
0 766 1
0 767 1
0 768 1
0 769 1
0 770 1
0 771 1
0 772 1
0 773 1
0 774 1
0 775 1
0 776 1
0 777 1
0 778 1
0 779 1
0 780 1
0 781 1
0 782 1
0 783 1
0 784 1
0 785 1
0 786 1
0 787 1
0 788 1
0 789 1
0 790 1
0 791 1
0 792 1
0 793 1
0 794 1
0 795 1
0 796 1
0 797 1
0 798 1
0 799 1
0 800 1
0 801 1
0 802 1
0 803 1
0 804 1
0 805 1
0 806 1
0 807 1
0 808 1
0 809 1
0 810 1
0 811 1
0 812 1
0 813 1
0 814 1
0 815 1
0 816 1
0 817 1
0 818 1
0 819 1
0 820 1
0 821 1
0 822 1
0 823 1
0 824 1
0 825 1
0 826 1
0 827 1
0 828 1
0 829 1
0 830 1
0 831 1
0 832 1
0 833 1
0 834 1
0 835 1
0 836 1
0 837 1
0 838 1
0 839 1
0 840 1
0 841 1
0 842 1
0 843 1
0 844 1
0 845 1
0 846 1
0 847 1
0 848 1
0 849 1
0 850 1
0 851 1
0 852 1
0 853 1
0 854 1
0 855 1
0 856 1
0 857 1
0 858 1
0 859 1
0 860 1
0 861 1
0 862 1
0 863 1
0 864 1
0 865 1
0 866 1
0 867 1
0 868 1
0 869 1
0 870 1
0 871 1
0 872 1
0 873 1
0 874 1
0 875 1
0 876 1
0 877 1
0 878 1
0 879 1
0 880 1
0 881 1
0 882 1
0 883 1
0 884 1
0 885 1
0 886 1
0 887 1
0 888 1
0 889 1
0 890 1
0 891 1
0 892 1
0 893 1
0 894 1
0 895 1
0 896 1
0 897 1
0 898 1
0 899 1
0 900 1
0 901 1
0 902 1
0 903 1
0 904 1
0 905 1
0 906 1
0 907 1
0 908 1
0 909 1
0 910 1
0 911 1
0 912 1
0 913 1
0 914 1
0 915 1
0 916 1
0 917 1
0 918 1
0 919 1
0 920 1
0 921 1
0 922 1
0 923 1
0 924 1
0 925 1
0 926 1
0 927 1
0 928 1
0 929 1
0 930 1
0 931 1
0 932 1
0 933 1
0 934 1
0 935 1
0 936 1
0 937 1
0 938 1
0 939 1
0 940 1
0 941 1
0 942 1
0 943 1
0 944 1
0 945 1
0 946 1
0 947 1
0 948 1
0 949 1
0 950 1
0 951 1
0 952 1
0 953 1
0 954 1
0 955 1
0 956 1
0 957 1
0 958 1
0 959 1
0 960 1
0 961 1
0 962 1
0 963 1
0 964 1
0 965 1
0 966 1
0 967 1
0 968 1
0 969 1
0 970 1
0 971 1
0 972 1
0 973 1
0 974 1
0 975 1
0 976 1
0 977 1
0 978 1
0 979 1
0 980 1
0 981 1
0 982 1
0 983 1
0 984 1
0 985 1
0 986 1
0 987 1
0 988 1
0 989 1
0 990 1
0 991 1
0 992 1
0 993 1
0 994 1
0 995 1
0 996 1
0 997 1
0 998 1
0 999 1
0 1000 1
0 1001 1
0 1002 1
0 1003 1
0 1004 1
0 1005 1
0 1006 1
0 1007 1
0 1008 1
0 1009 1
0 1010 1
0 1011 1
0 1012 1
0 1013 1
0 1014 1
0 1015 1
0 1016 1
0 1017 1
0 1018 1
0 1019 1
0 1020 1
0 1021 1
0 1022 1
0 1023 1
0 1024 1
0 1025 1
0 1026 1
0 1027 1
0 1028 1
0 1029 1
0 1030 1
0 1031 1
0 1032 1
0 1033 1
0 1034 1
0 1035 1
0 1036 1
0 1037 1
0 1038 1
0 1039 1
0 1040 1
0 1041 1
0 1042 1
0 1043 1
0 1044 1
0 1045 1
0 1046 1
0 1047 1
0 1048 1
0 1049 1
0 1050 1
0 1051 1
0 1052 1
0 1053 1
0 1054 1
0 1055 1
0 1056 1
0 1057 1
0 1058 1
0 1059 1
0 1060 1
0 1061 1
0 1062 1
0 1063 1
0 1064 1
0 1065 1
0 1066 1
0 1067 1
0 1068 1
0 1069 1
0 1070 1
0 1071 1
0 1072 1
0 1073 1
0 1074 1
0 1075 1
0 1076 1
0 1077 1
0 1078 1
0 1079 1
0 1080 1
0 1081 1
0 1082 1
0 1083 1
0 1084 1
0 1085 1
0 1086 1
0 1087 1
0 1088 1
0 1089 1
0 1090 1
0 1091 1
0 1092 1
0 1093 1
0 1094 1
0 1095 1
0 1096 1
0 1097 1
0 1098 1
0 1099 1
0 1100 1
0 1101 1
0 1102 1
0 1103 1
0 1104 1
0 1105 1
0 1106 1
0 1107 1
0 1108 1
0 1109 1
0 1110 1
0 1111 1
0 1112 1
0 1113 1
0 1114 1
0 1115 1
0 1116 1
0 1117 1
0 1118 1
0 1119 1
0 1120 1
0 1121 1
0 1122 1
0 1123 1
0 1124 1
0 1125 1
0 1126 1
0 1127 1
0 1128 1
0 1129 1
0 1130 1
0 1131 1
0 1132 1
0 1133 1
0 1134 1
0 1135 1
0 1136 1
0 1137 1
0 1138 1
0 1139 1
0 1140 1
0 1141 1
0 1142 1
0 1143 1
0 1144 1
0 1145 1
0 1146 1
0 1147 1
0 1148 1
0 1149 1
0 1150 1
0 1151 1
0 1152 1
0 1153 1
0 1154 1
0 1155 1
0 1156 1
0 1157 1
0 1158 1
0 1159 1
0 1160 1
0 1161 1
0 1162 1
0 1163 1
0 1164 1
0 1165 1
0 1166 1
0 1167 1
0 1168 1
0 1169 1
0 1170 1
0 1171 1
0 1172 1
0 1173 1
0 1174 1
0 1175 1
0 1176 1
0 1177 1
0 1178 1
0 1179 1
0 1180 1
0 1181 1
0 1182 1
0 1183 1
0 1184 1
0 1185 1
0 1186 1
0 1187 1
0 1188 1
0 1189 1
0 1190 1
0 1191 1
0 1192 1
0 1193 1
0 1194 1
0 1195 1
0 1196 1
0 1197 1
0 1198 1
0 1199 1
0 1200 1
0 1201 1
0 1202 1
0 1203 1
0 1204 1
0 1205 1
0 1206 1
0 1207 1
0 1208 1
0 1209 1
0 1210 1
0 1211 1
0 1212 1
0 1213 1
0 1214 1
0 1215 1
0 1216 1
0 1217 1
0 1218 1
0 1219 1
0 1220 1
0 1221 1
0 1222 1
0 1223 1
0 1224 1
0 1225 1
0 1226 1
0 1227 1
0 1228 1
0 1229 1
0 1230 1
0 1231 1
0 1232 1
0 1233 1
0 1234 1
0 1235 1
0 1236 1
0 1237 1
0 1238 1
0 1239 1
0 1240 1
0 1241 1
0 1242 1
0 1243 1
0 1244 1
0 1245 1
0 1246 1
0 1247 1
0 1248 1
0 1249 1
0 1250 1
0 1251 1
0 1252 1
0 1253 1
0 1254 1
0 1255 1
0 1256 1
0 1257 1
0 1258 1
0 1259 1
0 1260 1
0 1261 1
0 1262 1
0 1263 1
0 1264 1
0 1265 1
0 1266 1
0 1267 1
0 1268 1
0 1269 1
0 1270 1
0 1271 1
0 1272 1
0 1273 1
0 1274 1
0 1275 1
0 1276 1
0 1277 1
0 1278 1
0 1279 1
0 1280 1
0 1281 1
0 1282 1
0 1283 1
0 1284 1
0 1285 1
0 1286 1
0 1287 1
0 1288 1
0 1289 1
0 1290 1
0 1291 1
0 1292 1
0 1293 1
0 1294 1
0 1295 1
0 1296 1
0 1297 1
0 1298 1
0 1299 1
0 1300 1
0 1301 1
0 1302 1
0 1303 1
0 1304 1
0 1305 1
0 1306 1
0 1307 1
0 1308 1
0 1309 1
0 1310 1
0 1311 1
0 1312 1
0 1313 1
0 1314 1
0 1315 1
0 1316 1
0 1317 1
0 1318 1
0 1319 1
0 1320 1
0 1321 1
0 1322 1
0 1323 1
0 1324 1
0 1325 1
0 1326 1
0 1327 1
0 1328 1
0 1329 1
0 1330 1
0 1331 1
0 1332 1
0 1333 1
0 1334 1
0 1335 1
0 1336 1
0 1337 1
0 1338 1
0 1339 1
0 1340 1
0 1341 1
0 1342 1
0 1343 1
0 1344 1
0 1345 1
0 1346 1
0 1347 1
0 1348 1
0 1349 1
0 1350 1
0 1351 1
0 1352 1
0 1353 1
0 1354 1
0 1355 1
0 1356 1
0 1357 1
0 1358 1
0 1359 1
0 1360 1
0 1361 1
0 1362 1
0 1363 1
0 1364 1
0 1365 1
0 1366 1
0 1367 1
0 1368 1
0 1369 1
0 1370 1
0 1371 1
0 1372 1
0 1373 1
0 1374 1
0 1375 1
0 1376 1
0 1377 1
0 1378 1
0 1379 1
0 1380 1
0 1381 1
0 1382 1
0 1383 1
0 1384 1
0 1385 1
0 1386 1
0 1387 1
0 1388 1
0 1389 1
0 1390 1
0 1391 1
0 1392 1
0 1393 1
0 1394 1
0 1395 1
0 1396 1
0 1397 1
0 1398 1
0 1399 1
0 1400 1
0 1401 1
0 1402 1
0 1403 1
0 1404 1
0 1405 1
0 1406 1
0 1407 1
0 1408 1
0 1409 1
0 1410 1
0 1411 1
0 1412 1
0 1413 1
0 1414 1
0 1415 1
0 1416 1
0 1417 1
0 1418 1
0 1419 1
0 1420 1
0 1421 1
0 1422 1
0 1423 1
0 1424 1
0 1425 1
0 1426 1
0 1427 1
0 1428 1
0 1429 1
0 1430 1
0 1431 1
0 1432 1
0 1433 1
0 1434 1
0 1435 1
0 1436 1
0 1437 1
0 1438 1
0 1439 1
0 1440 1
0 1441 1
0 1442 1
0 1443 1
0 1444 1
0 1445 1
0 1446 1
0 1447 1
0 1448 1
0 1449 1
0 1450 1
0 1451 1
0 1452 1
0 1453 1
0 1454 1
0 1455 1
0 1456 1
0 1457 1
0 1458 1
0 1459 1
0 1460 1
0 1461 1
0 1462 1
0 1463 1
0 1464 1
0 1465 1
0 1466 1
0 1467 1
0 1468 1
0 1469 1
0 1470 1
0 1471 1
0 1472 1
0 1473 1
0 1474 1
0 1475 1
0 1476 1
0 1477 1
0 1478 1
0 1479 1
0 1480 1
0 1481 1
0 1482 1
0 1483 1
0 1484 1
0 1485 1
0 1486 1
0 1487 1
0 1488 1
0 1489 1
0 1490 1
0 1491 1
0 1492 1
0 1493 1
0 1494 1
0 1495 1
0 1496 1
0 1497 1
0 1498 1
0 1499 1
0 1500 1
0 1501 1
0 1502 1
0 1503 1
0 1504 1
0 1505 1
0 1506 1
0 1507 1
0 1508 1
0 1509 1
0 1510 1
0 1511 1
0 1512 1
0 1513 1
0 1514 1
0 1515 1
0 1516 1
0 1517 1
0 1518 1
0 1519 1
0 1520 1
0 1521 1
0 1522 1
0 1523 1
0 1524 1
0 1525 1
0 1526 1
0 1527 1
0 1528 1
0 1529 1
0 1530 1
0 1531 1
0 1532 1
0 1533 1
0 1534 1
0 1535 1
0 1536 1
0 1537 1
0 1538 1
0 1539 1
0 1540 1
0 1541 1
0 1542 1
0 1543 1
0 1544 1
0 1545 1
0 1546 1
0 1547 1
0 1548 1
0 1549 1
0 1550 1
0 1551 1
0 1552 1
0 1553 1
0 1554 1
0 1555 1
0 1556 1
0 1557 1
0 1558 1
0 1559 1
0 1560 1
0 1561 1
0 1562 1
0 1563 1
0 1564 1
0 1565 1
0 1566 1
0 1567 1
0 1568 1
0 1569 1
0 1570 1
0 1571 1
0 1572 1
0 1573 1
0 1574 1
0 1575 1
0 1576 1
0 1577 1
0 1578 1
0 1579 1
0 1580 1
0 1581 1
0 1582 1
0 1583 1
0 1584 1
0 1585 1
0 1586 1
0 1587 1
0 1588 1
0 1589 1
0 1590 1
0 1591 1
0 1592 1
0 1593 1
0 1594 1
0 1595 1
0 1596 1
0 1597 1
0 1598 1
0 1599 1
0 1600 1
0 1601 1
0 1602 1
0 1603 1
0 1604 1
0 1605 1
0 1606 1
0 1607 1
0 1608 1
0 1609 1
0 1610 1
0 1611 1
0 1612 1
0 1613 1
0 1614 1
0 1615 1
0 1616 1
0 1617 1
0 1618 1
0 1619 1
0 1620 1
0 1621 1
0 1622 1
0 1623 1
0 1624 1
0 1625 1
0 1626 1
0 1627 1
0 1628 1
0 1629 1
0 1630 1
0 1631 1
0 1632 1
0 1633 1
0 1634 1
0 1635 1
0 1636 1
0 1637 1
0 1638 1
0 1639 1
0 1640 1
0 1641 1
0 1642 1
0 1643 1
0 1644 1
0 1645 1
0 1646 1
0 1647 1
0 1648 1
0 1649 1
0 1650 1
0 1651 1
0 1652 1
0 1653 1
0 1654 1
0 1655 1
0 1656 1
0 1657 1
0 1658 1
0 1659 1
0 1660 1
0 1661 1
0 1662 1
0 1663 1
0 1664 1
0 1665 1
0 1666 1
0 1667 1
0 1668 1
0 1669 1
0 1670 1
0 1671 1
0 1672 1
0 1673 1
0 1674 1
0 1675 1
0 1676 1
0 1677 1
0 1678 1
0 1679 1
0 1680 1
0 1681 1
0 1682 1
0 1683 1
0 1684 1
0 1685 1
0 1686 1
0 1687 1
0 1688 1
0 1689 1
0 1690 1
0 1691 1
0 1692 1
0 1693 1
0 1694 1
0 1695 1
0 1696 1
0 1697 1
0 1698 1
0 1699 1
0 1700 1
0 1701 1
0 1702 1
0 1703 1
0 1704 1
0 1705 1
0 1706 1
0 1707 1
0 1708 1
0 1709 1
0 1710 1
0 1711 1
0 1712 1
0 1713 1
0 1714 1
0 1715 1
0 1716 1
0 1717 1
0 1718 1
0 1719 1
0 1720 1
0 1721 1
0 1722 1
0 1723 1
0 1724 1
0 1725 1
0 1726 1
0 1727 1
0 1728 1
0 1729 1
0 1730 1
0 1731 1
0 1732 1
0 1733 1
0 1734 1
0 1735 1
0 1736 1
0 1737 1
0 1738 1
0 1739 1
0 1740 1
0 1741 1
0 1742 1
0 1743 1
0 1744 1
0 1745 1
0 1746 1
0 1747 1
0 1748 1
0 1749 1
0 1750 1
0 1751 1
0 1752 1
0 1753 1
0 1754 1
0 1755 1
0 1756 1
0 1757 1
0 1758 1
0 1759 1
0 1760 1
0 1761 1
0 1762 1
0 1763 1
0 1764 1
0 1765 1
0 1766 1
0 1767 1
0 1768 1
0 1769 1
0 1770 1
0 1771 1
0 1772 1
0 1773 1
0 1774 1
0 1775 1
0 1776 1
0 1777 1
0 1778 1
0 1779 1
0 1780 1
0 1781 1
0 1782 1
0 1783 1
0 1784 1
0 1785 1
0 1786 1
0 1787 1
0 1788 1
0 1789 1
0 1790 1
0 1791 1
0 1792 1
0 1793 1
0 1794 1
0 1795 1
0 1796 1
0 1797 1
0 1798 1
0 1799 1
0 1800 1
0 1801 1
0 1802 1
0 1803 1
0 1804 1
0 1805 1
0 1806 1
0 1807 1
0 1808 1
0 1809 1
0 1810 1
0 1811 1
0 1812 1
0 1813 1
0 1814 1
0 1815 1
0 1816 1
0 1817 1
0 1818 1
0 1819 1
0 1820 1
0 1821 1
0 1822 1
0 1823 1
0 1824 1
0 1825 1
0 1826 1
0 1827 1
0 1828 1
0 1829 1
0 1830 1
0 1831 1
0 1832 1
0 1833 1
0 1834 1
0 1835 1
0 1836 1
0 1837 1
0 1838 1
0 1839 1
0 1840 1
0 1841 1
0 1842 1
0 1843 1
0 1844 1
0 1845 1
0 1846 1
0 1847 1
0 1848 1
0 1849 1
0 1850 1
0 1851 1
0 1852 1
0 1853 1
0 1854 1
0 1855 1
0 1856 1
0 1857 1
0 1858 1
0 1859 1
0 1860 1
0 1861 1
0 1862 1
0 1863 1
0 1864 1
0 1865 1
0 1866 1
0 1867 1
0 1868 1
0 1869 1
0 1870 1
0 1871 1
0 1872 1
0 1873 1
0 1874 1
0 1875 1
0 1876 1
0 1877 1
0 1878 1
0 1879 1
0 1880 1
0 1881 1
0 1882 1
0 1883 1
0 1884 1
0 1885 1
0 1886 1
0 1887 1
0 1888 1
0 1889 1
0 1890 1
0 1891 1
0 1892 1
0 1893 1
0 1894 1
0 1895 1
0 1896 1
0 1897 1
0 1898 1
0 1899 1
0 1900 1
0 1901 1
0 1902 1
0 1903 1
0 1904 1
0 1905 1
0 1906 1
0 1907 1
0 1908 1
0 1909 1
0 1910 1
0 1911 1
0 1912 1
0 1913 1
0 1914 1
0 1915 1
0 1916 1
0 1917 1
0 1918 1
0 1919 1
0 1920 1
0 1921 1
0 1922 1
0 1923 1
0 1924 1
0 1925 1
0 1926 1
0 1927 1
0 1928 1
0 1929 1
0 1930 1
0 1931 1
0 1932 1
0 1933 1
0 1934 1
0 1935 1
0 1936 1
0 1937 1
0 1938 1
0 1939 1
0 1940 1
0 1941 1
0 1942 1
0 1943 1
0 1944 1
0 1945 1
0 1946 1
0 1947 1
0 1948 1
0 1949 1
0 1950 1
0 1951 1
0 1952 1
0 1953 1
0 1954 1
0 1955 1
0 1956 1
0 1957 1
0 1958 1
0 1959 1
0 1960 1
0 1961 1
0 1962 1
0 1963 1
0 1964 1
0 1965 1
0 1966 1
0 1967 1
0 1968 1
0 1969 1
0 1970 1
0 1971 1
0 1972 1
0 1973 1
0 1974 1
0 1975 1
0 1976 1
0 1977 1
0 1978 1
0 1979 1
0 1980 1
0 1981 1
0 1982 1
0 1983 1
0 1984 1
0 1985 1
0 1986 1
0 1987 1
0 1988 1
0 1989 1
0 1990 1
0 1991 1
0 1992 1
0 1993 1
0 1994 1
0 1995 1
0 1996 1
0 1997 1
0 1998 1
0 1999 1
0 2000 1
0 2001 1
0 2002 1
0 2003 1
0 2004 1
0 2005 1
0 2006 1
0 2007 1
0 2008 1
0 2009 1
0 2010 1
0 2011 1
0 2012 1
0 2013 1
0 2014 1
0 2015 1
0 2016 1
0 2017 1
0 2018 1
0 2019 1
0 2020 1
0 2021 1
0 2022 1
0 2023 1
0 2024 1
0 2025 1
0 2026 1
0 2027 1
0 2028 1
0 2029 1
0 2030 1
0 2031 1
0 2032 1
0 2033 1
0 2034 1
0 2035 1
0 2036 1
0 2037 1
0 2038 1
0 2039 1
0 2040 1
0 2041 1
0 2042 1
0 2043 1
0 2044 1
0 2045 1
0 2046 1
0 2047 1
0 2048 1
0 2049 1
0 2050 1
0 2051 1
0 2052 1
0 2053 1
0 2054 1
0 2055 1
0 2056 1
0 2057 1
0 2058 1
0 2059 1
0 2060 1
0 2061 1
0 2062 1
0 2063 1
0 2064 1
0 2065 1
0 2066 1
0 2067 1
0 2068 1
0 2069 1
0 2070 1
0 2071 1
0 2072 1
0 2073 1
0 2074 1
0 2075 1
0 2076 1
0 2077 1
0 2078 1
0 2079 1
0 2080 1
0 2081 1
0 2082 1
0 2083 1
0 2084 1
0 2085 1
0 2086 1
0 2087 1
0 2088 1
0 2089 1
0 2090 1
0 2091 1
0 2092 1
0 2093 1
0 2094 1
0 2095 1
0 2096 1
0 2097 1
0 2098 1
0 2099 1
0 2100 1
0 2101 1
0 2102 1
0 2103 1
0 2104 1
0 2105 1
0 2106 1
0 2107 1
0 2108 1
0 2109 1
0 2110 1
0 2111 1
0 2112 1
0 2113 1
0 2114 1
0 2115 1
0 2116 1
0 2117 1
0 2118 1
0 2119 1
0 2120 1
0 2121 1
0 2122 1
0 2123 1
0 2124 1
0 2125 1
0 2126 1
0 2127 1
0 2128 1
0 2129 1
0 2130 1
0 2131 1
0 2132 1
0 2133 1
0 2134 1
0 2135 1
0 2136 1
0 2137 1
0 2138 1
0 2139 1
0 2140 1
0 2141 1
0 2142 1
0 2143 1
0 2144 1
0 2145 1
0 2146 1
0 2147 1
0 2148 1
0 2149 1
0 2150 1
0 2151 1
0 2152 1
0 2153 1
0 2154 1
0 2155 1
0 2156 1
0 2157 1
0 2158 1
0 2159 1
0 2160 1
0 2161 1
0 2162 1
0 2163 1
0 2164 1
0 2165 1
0 2166 1
0 2167 1
0 2168 1
0 2169 1
0 2170 1
0 2171 1
0 2172 1
0 2173 1
0 2174 1
0 2175 1
0 2176 1
0 2177 1
0 2178 1
0 2179 1
0 2180 1
0 2181 1
0 2182 1
0 2183 1
0 2184 1
0 2185 1
0 2186 1
0 2187 1
0 2188 1
0 2189 1
0 2190 1
0 2191 1
0 2192 1
0 2193 1
0 2194 1
0 2195 1
0 2196 1
0 2197 1
0 2198 1
0 2199 1
0 2200 1
0 2201 1
0 2202 1
0 2203 1
0 2204 1
0 2205 1
0 2206 1
0 2207 1
0 2208 1
0 2209 1
0 2210 1
0 2211 1
0 2212 1
0 2213 1
0 2214 1
0 2215 1
0 2216 1
0 2217 1
0 2218 1
0 2219 1
0 2220 1
0 2221 1
0 2222 1
0 2223 1
0 2224 1
0 2225 1
0 2226 1
0 2227 1
0 2228 1
0 2229 1
0 2230 1
0 2231 1
0 2232 1
0 2233 1
0 2234 1
0 2235 1
0 2236 1
0 2237 1
0 2238 1
0 2239 1
0 2240 1
0 2241 1
0 2242 1
0 2243 1
0 2244 1
0 2245 1
0 2246 1
0 2247 1
0 2248 1
0 2249 1
0 2250 1
0 2251 1
0 2252 1
0 2253 1
0 2254 1
0 2255 1
0 2256 1
0 2257 1
0 2258 1
0 2259 1
0 2260 1
0 2261 1
0 2262 1
0 2263 1
0 2264 1
0 2265 1
0 2266 1
0 2267 1
0 2268 1
0 2269 1
0 2270 1
0 2271 1
0 2272 1
0 2273 1
0 2274 1
0 2275 1
0 2276 1
0 2277 1
0 2278 1
0 2279 1
0 2280 1
0 2281 1
0 2282 1
0 2283 1
0 2284 1
0 2285 1
0 2286 1
0 2287 1
0 2288 1
0 2289 1
0 2290 1
0 2291 1
0 2292 1
0 2293 1
0 2294 1
0 2295 1
0 2296 1
0 2297 1
0 2298 1
0 2299 1
0 2300 1
0 2301 1
0 2302 1
0 2303 1
0 2304 1
0 2305 1
0 2306 1
0 2307 1
0 2308 1
0 2309 1
0 2310 1
0 2311 1
0 2312 1
0 2313 1
0 2314 1
0 2315 1
0 2316 1
0 2317 1
0 2318 1
0 2319 1
0 2320 1
0 2321 1
0 2322 1
0 2323 1
0 2324 1
0 2325 1
0 2326 1
0 2327 1
0 2328 1
0 2329 1
0 2330 1
0 2331 1
0 2332 1
0 2333 1
0 2334 1
0 2335 1
0 2336 1
0 2337 1
0 2338 1
0 2339 1
0 2340 1
0 2341 1
0 2342 1
0 2343 1
0 2344 1
0 2345 1
0 2346 1
0 2347 1
0 2348 1
0 2349 1
0 2350 1
0 2351 1
0 2352 1
0 2353 1
0 2354 1
0 2355 1
0 2356 1
0 2357 1
0 2358 1
0 2359 1
0 2360 1
0 2361 1
0 2362 1
0 2363 1
0 2364 1
0 2365 1
0 2366 1
0 2367 1
0 2368 1
0 2369 1
0 2370 1
0 2371 1
0 2372 1
0 2373 1
0 2374 1
0 2375 1
0 2376 1
0 2377 1
0 2378 1
0 2379 1
0 2380 1
0 2381 1
0 2382 1
0 2383 1
0 2384 1
0 2385 1
0 2386 1
0 2387 1
0 2388 1
0 2389 1
0 2390 1
0 2391 1
0 2392 1
0 2393 1
0 2394 1
0 2395 1
0 2396 1
0 2397 1
0 2398 1
0 2399 1
0 2400 1
0 2401 1
0 2402 1
0 2403 1
0 2404 1
0 2405 1
0 2406 1
0 2407 1
0 2408 1
0 2409 1
0 2410 1
0 2411 1
0 2412 1
0 2413 1
0 2414 1
0 2415 1
0 2416 1
0 2417 1
0 2418 1
0 2419 1
0 2420 1
0 2421 1
0 2422 1
0 2423 1
0 2424 1
0 2425 1
0 2426 1
0 2427 1
0 2428 1
0 2429 1
0 2430 1
0 2431 1
0 2432 1
0 2433 1
0 2434 1
0 2435 1
0 2436 1
0 2437 1
0 2438 1
0 2439 1
0 2440 1
0 2441 1
0 2442 1
0 2443 1
0 2444 1
0 2445 1
0 2446 1
0 2447 1
0 2448 1
0 2449 1
0 2450 1
0 2451 1
0 2452 1
0 2453 1
0 2454 1
0 2455 1
0 2456 1
0 2457 1
0 2458 1
0 2459 1
0 2460 1
0 2461 1
0 2462 1
0 2463 1
0 2464 1
0 2465 1
0 2466 1
0 2467 1
0 2468 1
0 2469 1
0 2470 1
0 2471 1
0 2472 1
0 2473 1
0 2474 1
0 2475 1
0 2476 1
0 2477 1
0 2478 1
0 2479 1
0 2480 1
0 2481 1
0 2482 1
0 2483 1
0 2484 1
0 2485 1
0 2486 1
0 2487 1
0 2488 1
0 2489 1
0 2490 1
0 2491 1
0 2492 1
0 2493 1
0 2494 1
0 2495 1
0 2496 1
0 2497 1
0 2498 1
0 2499 1
0 2500 1
0 2501 1
0 2502 1
0 2503 1
0 2504 1
0 2505 1
0 2506 1
0 2507 1
0 2508 1
0 2509 1
0 2510 1
0 2511 1
0 2512 1
0 2513 1
0 2514 1
0 2515 1
0 2516 1
0 2517 1
0 2518 1
0 2519 1
0 2520 1
0 2521 1
0 2522 1
0 2523 1
0 2524 1
0 2525 1
0 2526 1
0 2527 1
0 2528 1
0 2529 1
0 2530 1
0 2531 1
0 2532 1
0 2533 1
0 2534 1
0 2535 1
0 2536 1
0 2537 1
0 2538 1
0 2539 1
0 2540 1
0 2541 1
0 2542 1
0 2543 1
0 2544 1
0 2545 1
0 2546 1
0 2547 1
0 2548 1
0 2549 1
0 2550 1
0 2551 1
0 2552 1
0 2553 1
0 2554 1
0 2555 1
0 2556 1
0 2557 1
0 2558 1
0 2559 1
0 2560 1
0 2561 1
0 2562 1
0 2563 1
0 2564 1
0 2565 1
0 2566 1
0 2567 1
0 2568 1
0 2569 1
0 2570 1
0 2571 1
0 2572 1
0 2573 1
0 2574 1
0 2575 1
0 2576 1
0 2577 1
0 2578 1
0 2579 1
0 2580 1
0 2581 1
0 2582 1
0 2583 1
0 2584 1
0 2585 1
0 2586 1
0 2587 1
0 2588 1
0 2589 1
0 2590 1
0 2591 1
0 2592 1
0 2593 1
0 2594 1
0 2595 1
0 2596 1
0 2597 1
0 2598 1
0 2599 1
0 2600 1
0 2601 1
0 2602 1
0 2603 1
0 2604 1
0 2605 1
0 2606 1
0 2607 1
0 2608 1
0 2609 1
0 2610 1
0 2611 1
0 2612 1
0 2613 1
0 2614 1
0 2615 1
0 2616 1
0 2617 1
0 2618 1
0 2619 1
0 2620 1
0 2621 1
0 2622 1
0 2623 1
0 2624 1
0 2625 1
0 2626 1
0 2627 1
0 2628 1
0 2629 1
0 2630 1
0 2631 1
0 2632 1
0 2633 1
0 2634 1
0 2635 1
0 2636 1
0 2637 1
0 2638 1
0 2639 1
0 2640 1
0 2641 1
0 2642 1
0 2643 1
0 2644 1
0 2645 1
0 2646 1
0 2647 1
0 2648 1
0 2649 1
0 2650 1
0 2651 1
0 2652 1
0 2653 1
0 2654 1
0 2655 1
0 2656 1
0 2657 1
0 2658 1
0 2659 1
0 2660 1
0 2661 1
0 2662 1
0 2663 1
0 2664 1
0 2665 1
0 2666 1
0 2667 1
0 2668 1
0 2669 1
0 2670 1
0 2671 1
0 2672 1
0 2673 1
0 2674 1
0 2675 1
0 2676 1
0 2677 1
0 2678 1
0 2679 1
0 2680 1
0 2681 1
0 2682 1
0 2683 1
0 2684 1
0 2685 1
0 2686 1
0 2687 1
0 2688 1
0 2689 1
0 2690 1
0 2691 1
0 2692 1
0 2693 1
0 2694 1
0 2695 1
0 2696 1
0 2697 1
0 2698 1
0 2699 1
0 2700 1
0 2701 1
0 2702 1
0 2703 1
0 2704 1
0 2705 1
0 2706 1
0 2707 1
0 2708 1
0 2709 1
0 2710 1
0 2711 1
0 2712 1
0 2713 1
0 2714 1
0 2715 1
0 2716 1
0 2717 1
0 2718 1
0 2719 1
0 2720 1
0 2721 1
0 2722 1
0 2723 1
0 2724 1
0 2725 1
0 2726 1
0 2727 1
0 2728 1
0 2729 1
0 2730 1
0 2731 1
0 2732 1
0 2733 1
0 2734 1
0 2735 1
0 2736 1
0 2737 1
0 2738 1
0 2739 1
0 2740 1
0 2741 1
0 2742 1
0 2743 1
0 2744 1
0 2745 1
0 2746 1
0 2747 1
0 2748 1
0 2749 1
0 2750 1
0 2751 1
0 2752 1
0 2753 1
0 2754 1
0 2755 1
0 2756 1
0 2757 1
0 2758 1
0 2759 1
0 2760 1
0 2761 1
0 2762 1
0 2763 1
0 2764 1
0 2765 1
0 2766 1
0 2767 1
0 2768 1
0 2769 1
0 2770 1
0 2771 1
0 2772 1
0 2773 1
0 2774 1
0 2775 1
0 2776 1
0 2777 1
0 2778 1
0 2779 1
0 2780 1
0 2781 1
0 2782 1
0 2783 1
0 2784 1
0 2785 1
0 2786 1
0 2787 1
0 2788 1
0 2789 1
0 2790 1
0 2791 1
0 2792 1
0 2793 1
0 2794 1
0 2795 1
0 2796 1
0 2797 1
0 2798 1
0 2799 1
0 2800 1
0 2801 1
0 2802 1
0 2803 1
0 2804 1
0 2805 1
0 2806 1
0 2807 1
0 2808 1
0 2809 1
0 2810 1
0 2811 1
0 2812 1
0 2813 1
0 2814 1
0 2815 1
0 2816 1
0 2817 1
0 2818 1
0 2819 1
0 2820 1
0 2821 1
0 2822 1
0 2823 1
0 2824 1
0 2825 1
0 2826 1
0 2827 1
0 2828 1
0 2829 1
0 2830 1
0 2831 1
0 2832 1
0 2833 1
0 2834 1
0 2835 1
0 2836 1
0 2837 1
0 2838 1
0 2839 1
0 2840 1
0 2841 1
0 2842 1
0 2843 1
0 2844 1
0 2845 1
0 2846 1
0 2847 1
0 2848 1
0 2849 1
0 2850 1
0 2851 1
0 2852 1
0 2853 1
0 2854 1
0 2855 1
0 2856 1
0 2857 1
0 2858 1
0 2859 1
0 2860 1
0 2861 1
0 2862 1
0 2863 1
0 2864 1
0 2865 1
0 2866 1
0 2867 1
0 2868 1
0 2869 1
0 2870 1
0 2871 1
0 2872 1
0 2873 1
0 2874 1
0 2875 1
0 2876 1
0 2877 1
0 2878 1
0 2879 1
0 2880 1
0 2881 1
0 2882 1
0 2883 1
0 2884 1
0 2885 1
0 2886 1
0 2887 1
0 2888 1
0 2889 1
0 2890 1
0 2891 1
0 2892 1
0 2893 1
0 2894 1
0 2895 1
0 2896 1
0 2897 1
0 2898 1
0 2899 1
0 2900 1
0 2901 1
0 2902 1
0 2903 1
0 2904 1
0 2905 1
0 2906 1
0 2907 1
0 2908 1
0 2909 1
0 2910 1
0 2911 1
0 2912 1
0 2913 1
0 2914 1
0 2915 1
0 2916 1
0 2917 1
0 2918 1
0 2919 1
0 2920 1
0 2921 1
0 2922 1
0 2923 1
0 2924 1
0 2925 1
0 2926 1
0 2927 1
0 2928 1
0 2929 1
0 2930 1
0 2931 1
0 2932 1
0 2933 1
0 2934 1
0 2935 1
0 2936 1
0 2937 1
0 2938 1
0 2939 1
0 2940 1
0 2941 1
0 2942 1
0 2943 1
0 2944 1
0 2945 1
0 2946 1
0 2947 1
0 2948 1
0 2949 1
0 2950 1
0 2951 1
0 2952 1
0 2953 1
0 2954 1
0 2955 1
0 2956 1
0 2957 1
0 2958 1
0 2959 1
0 2960 1
0 2961 1
0 2962 1
0 2963 1
0 2964 1
0 2965 1
0 2966 1
0 2967 1
0 2968 1
0 2969 1
0 2970 1
0 2971 1
0 2972 1
0 2973 1
0 2974 1
0 2975 1
0 2976 1
0 2977 1
0 2978 1
0 2979 1
0 2980 1
0 2981 1
0 2982 1
0 2983 1
0 2984 1
0 2985 1
0 2986 1
0 2987 1
0 2988 1
0 2989 1
0 2990 1
0 2991 1
0 2992 1
0 2993 1
0 2994 1
0 2995 1
0 2996 1
0 2997 1
0 2998 1
0 2999 1
0 3000 1
0 3001 1
0 3002 1
0 3003 1
0 3004 1
0 3005 1
0 3006 1
0 3007 1
0 3008 1
0 3009 1
0 3010 1
0 3011 1
0 3012 1
0 3013 1
0 3014 1
0 3015 1
0 3016 1
0 3017 1
0 3018 1
0 3019 1
0 3020 1
0 3021 1
0 3022 1
0 3023 1
0 3024 1
0 3025 1
0 3026 1
0 3027 1
0 3028 1
0 3029 1
0 3030 1
0 3031 1
0 3032 1
0 3033 1
0 3034 1
0 3035 1
0 3036 1
0 3037 1
0 3038 1
0 3039 1
0 3040 1
0 3041 1
0 3042 1
0 3043 1
0 3044 1
0 3045 1
0 3046 1
0 3047 1
0 3048 1
0 3049 1
0 3050 1
0 3051 1
0 3052 1
0 3053 1
0 3054 1
0 3055 1
0 3056 1
0 3057 1
0 3058 1
0 3059 1
0 3060 1
0 3061 1
0 3062 1
0 3063 1
0 3064 1
0 3065 1
0 3066 1
0 3067 1
0 3068 1
0 3069 1
0 3070 1
0 3071 1
0 3072 1
0 3073 1
0 3074 1
0 3075 1
0 3076 1
0 3077 1
0 3078 1
0 3079 1
0 3080 1
0 3081 1
0 3082 1
0 3083 1
0 3084 1
0 3085 1
0 3086 1
0 3087 1
0 3088 1
0 3089 1
0 3090 1
0 3091 1
0 3092 1
0 3093 1
0 3094 1
0 3095 1
0 3096 1
0 3097 1
0 3098 1
0 3099 1
0 3100 1
0 3101 1
0 3102 1
0 3103 1
0 3104 1
0 3105 1
0 3106 1
0 3107 1
0 3108 1
0 3109 1
0 3110 1
0 3111 1
0 3112 1
0 3113 1
0 3114 1
0 3115 1
0 3116 1
0 3117 1
0 3118 1
0 3119 1
0 3120 1
0 3121 1
0 3122 1
0 3123 1
0 3124 1
0 3125 1
0 3126 1
0 3127 1
0 3128 1
0 3129 1
0 3130 1
0 3131 1
0 3132 1
0 3133 1
0 3134 1
0 3135 1
0 3136 1
0 3137 1
0 3138 1
0 3139 1
0 3140 1
0 3141 1
0 3142 1
0 3143 1
0 3144 1
0 3145 1
0 3146 1
0 3147 1
0 3148 1
0 3149 1
0 3150 1
0 3151 1
0 3152 1
0 3153 1
0 3154 1
0 3155 1
0 3156 1
0 3157 1
0 3158 1
0 3159 1
0 3160 1
0 3161 1
0 3162 1
0 3163 1
0 3164 1
0 3165 1
0 3166 1
0 3167 1
0 3168 1
0 3169 1
0 3170 1
0 3171 1
0 3172 1
0 3173 1
0 3174 1
0 3175 1
0 3176 1
0 3177 1
0 3178 1
0 3179 1
0 3180 1
0 3181 1
0 3182 1
0 3183 1
0 3184 1
0 3185 1
0 3186 1
0 3187 1
0 3188 1
0 3189 1
0 3190 1
0 3191 1
0 3192 1
0 3193 1
0 3194 1
0 3195 1
0 3196 1
0 3197 1
0 3198 1
0 3199 1
0 3200 1
0 3201 1
0 3202 1
0 3203 1
0 3204 1
0 3205 1
0 3206 1
0 3207 1
0 3208 1
0 3209 1
0 3210 1
0 3211 1
0 3212 1
0 3213 1
0 3214 1
0 3215 1
0 3216 1
0 3217 1
0 3218 1
0 3219 1
0 3220 1
0 3221 1
0 3222 1
0 3223 1
0 3224 1
0 3225 1
0 3226 1
0 3227 1
0 3228 1
0 3229 1
0 3230 1
0 3231 1
0 3232 1
0 3233 1
0 3234 1
0 3235 1
0 3236 1
0 3237 1
0 3238 1
0 3239 1
0 3240 1
0 3241 1
0 3242 1
0 3243 1
0 3244 1
0 3245 1
0 3246 1
0 3247 1
0 3248 1
0 3249 1
0 3250 1
0 3251 1
0 3252 1
0 3253 1
0 3254 1
0 3255 1
0 3256 1
0 3257 1
0 3258 1
0 3259 1
0 3260 1
0 3261 1
0 3262 1
0 3263 1
0 3264 1
0 3265 1
0 3266 1
0 3267 1
0 3268 1
0 3269 1
0 3270 1
0 3271 1
0 3272 1
0 3273 1
0 3274 1
0 3275 1
0 3276 1
0 3277 1
0 3278 1
0 3279 1
0 3280 1
0 3281 1
0 3282 1
0 3283 1
0 3284 1
0 3285 1
0 3286 1
0 3287 1
0 3288 1
0 3289 1
0 3290 1
0 3291 1
0 3292 1
0 3293 1
0 3294 1
0 3295 1
0 3296 1
0 3297 1
0 3298 1
0 3299 1
0 3300 1
0 3301 1
0 3302 1
0 3303 1
0 3304 1
0 3305 1
0 3306 1
0 3307 1
0 3308 1
0 3309 1
0 3310 1
0 3311 1
0 3312 1
0 3313 1
0 3314 1
0 3315 1
0 3316 1
0 3317 1
0 3318 1
0 3319 1
0 3320 1
0 3321 1
0 3322 1
0 3323 1
0 3324 1
0 3325 1
0 3326 1
0 3327 1
0 3328 1
0 3329 1
0 3330 1
0 3331 1
0 3332 1
0 3333 1
0 3334 1
0 3335 1
0 3336 1
0 3337 1
0 3338 1
0 3339 1
0 3340 1
0 3341 1
0 3342 1
0 3343 1
0 3344 1
0 3345 1
0 3346 1
0 3347 1
0 3348 1
0 3349 1
0 3350 1
0 3351 1
0 3352 1
0 3353 1
0 3354 1
0 3355 1
0 3356 1
0 3357 1
0 3358 1
0 3359 1
0 3360 1
0 3361 1
0 3362 1
0 3363 1
0 3364 1
0 3365 1
0 3366 1
0 3367 1
0 3368 1
0 3369 1
0 3370 1
0 3371 1
0 3372 1
0 3373 1
0 3374 1
0 3375 1
0 3376 1
0 3377 1
0 3378 1
0 3379 1
0 3380 1
0 3381 1
0 3382 1
0 3383 1
0 3384 1
0 3385 1
0 3386 1
0 3387 1
0 3388 1
0 3389 1
0 3390 1
0 3391 1
0 3392 1
0 3393 1
0 3394 1
0 3395 1
0 3396 1
0 3397 1
0 3398 1
0 3399 1
0 3400 1
0 3401 1
0 3402 1
0 3403 1
0 3404 1
0 3405 1
0 3406 1
0 3407 1
0 3408 1
0 3409 1
0 3410 1
0 3411 1
0 3412 1
0 3413 1
0 3414 1
0 3415 1
0 3416 1
0 3417 1
0 3418 1
0 3419 1
0 3420 1
0 3421 1
0 3422 1
0 3423 1
0 3424 1
0 3425 1
0 3426 1
0 3427 1
0 3428 1
0 3429 1
0 3430 1
0 3431 1
0 3432 1
0 3433 1
0 3434 1
0 3435 1
0 3436 1
0 3437 1
0 3438 1
0 3439 1
0 3440 1
0 3441 1
0 3442 1
0 3443 1
0 3444 1
0 3445 1
0 3446 1
0 3447 1
0 3448 1
0 3449 1
0 3450 1
0 3451 1
0 3452 1
0 3453 1
0 3454 1
0 3455 1
0 3456 1
0 3457 1
0 3458 1
0 3459 1
0 3460 1
0 3461 1
0 3462 1
0 3463 1
0 3464 1
0 3465 1
0 3466 1
0 3467 1
0 3468 1
0 3469 1
0 3470 1
0 3471 1
0 3472 1
0 3473 1
0 3474 1
0 3475 1
0 3476 1
0 3477 1
0 3478 1
0 3479 1
0 3480 1
0 3481 1
0 3482 1
0 3483 1
0 3484 1
0 3485 1
0 3486 1
0 3487 1
0 3488 1
0 3489 1
0 3490 1
0 3491 1
0 3492 1
0 3493 1
0 3494 1
0 3495 1
0 3496 1
0 3497 1
0 3498 1
0 3499 1
0 3500 1
0 3501 1
0 3502 1
0 3503 1
0 3504 1
0 3505 1
0 3506 1
0 3507 1
0 3508 1
0 3509 1
0 3510 1
0 3511 1
0 3512 1
0 3513 1
0 3514 1
0 3515 1
0 3516 1
0 3517 1
0 3518 1
0 3519 1
0 3520 1
0 3521 1
0 3522 1
0 3523 1
0 3524 1
0 3525 1
0 3526 1
0 3527 1
0 3528 1
0 3529 1
0 3530 1
0 3531 1
0 3532 1
0 3533 1
0 3534 1
0 3535 1
0 3536 1
0 3537 1
0 3538 1
0 3539 1
0 3540 1
0 3541 1
0 3542 1
0 3543 1
0 3544 1
0 3545 1
0 3546 1
0 3547 1
0 3548 1
0 3549 1
0 3550 1
0 3551 1
0 3552 1
0 3553 1
0 3554 1
0 3555 1
0 3556 1
0 3557 1
0 3558 1
0 3559 1
0 3560 1
0 3561 1
0 3562 1
0 3563 1
0 3564 1
0 3565 1
0 3566 1
0 3567 1
0 3568 1
0 3569 1
0 3570 1
0 3571 1
0 3572 1
0 3573 1
0 3574 1
0 3575 1
0 3576 1
0 3577 1
0 3578 1
0 3579 1
0 3580 1
0 3581 1
0 3582 1
0 3583 1
0 3584 1
0 3585 1
0 3586 1
0 3587 1
0 3588 1
0 3589 1
0 3590 1
0 3591 1
0 3592 1
0 3593 1
0 3594 1
0 3595 1
0 3596 1
0 3597 1
0 3598 1
0 3599 1
0 3600 1
0 3601 1
0 3602 1
0 3603 1
0 3604 1
0 3605 1
0 3606 1
0 3607 1
0 3608 1
0 3609 1
0 3610 1
0 3611 1
0 3612 1
0 3613 1
0 3614 1
0 3615 1
0 3616 1
0 3617 1
0 3618 1
0 3619 1
0 3620 1
0 3621 1
0 3622 1
0 3623 1
0 3624 1
0 3625 1
0 3626 1
0 3627 1
0 3628 1
0 3629 1
0 3630 1
0 3631 1
0 3632 1
0 3633 1
0 3634 1
0 3635 1
0 3636 1
0 3637 1
0 3638 1
0 3639 1
0 3640 1
0 3641 1
0 3642 1
0 3643 1
0 3644 1
0 3645 1
0 3646 1
0 3647 1
0 3648 1
0 3649 1
0 3650 1
0 3651 1
0 3652 1
0 3653 1
0 3654 1
0 3655 1
0 3656 1
0 3657 1
0 3658 1
0 3659 1
0 3660 1
0 3661 1
0 3662 1
0 3663 1
0 3664 1
0 3665 1
0 3666 1
0 3667 1
0 3668 1
0 3669 1
0 3670 1
0 3671 1
0 3672 1
0 3673 1
0 3674 1
0 3675 1
0 3676 1
0 3677 1
0 3678 1
0 3679 1
0 3680 1
0 3681 1
0 3682 1
0 3683 1
0 3684 1
0 3685 1
0 3686 1
0 3687 1
0 3688 1
0 3689 1
0 3690 1
0 3691 1
0 3692 1
0 3693 1
0 3694 1
0 3695 1
0 3696 1
0 3697 1
0 3698 1
0 3699 1
0 3700 1
0 3701 1
0 3702 1
0 3703 1
0 3704 1
0 3705 1
0 3706 1
0 3707 1
0 3708 1
0 3709 1
0 3710 1
0 3711 1
0 3712 1
0 3713 1
0 3714 1
0 3715 1
0 3716 1
0 3717 1
0 3718 1
0 3719 1
0 3720 1
0 3721 1
0 3722 1
0 3723 1
0 3724 1
0 3725 1
0 3726 1
0 3727 1
0 3728 1
0 3729 1
0 3730 1
0 3731 1
0 3732 1
0 3733 1
0 3734 1
0 3735 1
0 3736 1
0 3737 1
0 3738 1
0 3739 1
0 3740 1
0 3741 1
0 3742 1
0 3743 1
0 3744 1
0 3745 1
0 3746 1
0 3747 1
0 3748 1
0 3749 1
0 3750 1
0 3751 1
0 3752 1
0 3753 1
0 3754 1
0 3755 1
0 3756 1
0 3757 1
0 3758 1
0 3759 1
0 3760 1
0 3761 1
0 3762 1
0 3763 1
0 3764 1
0 3765 1
0 3766 1
0 3767 1
0 3768 1
0 3769 1
0 3770 1
0 3771 1
0 3772 1
0 3773 1
0 3774 1
0 3775 1
0 3776 1
0 3777 1
0 3778 1
0 3779 1
0 3780 1
0 3781 1
0 3782 1
0 3783 1
0 3784 1
0 3785 1
0 3786 1
0 3787 1
0 3788 1
0 3789 1
0 3790 1
0 3791 1
0 3792 1
0 3793 1
0 3794 1
0 3795 1
0 3796 1
0 3797 1
0 3798 1
0 3799 1
0 3800 1
0 3801 1
0 3802 1
0 3803 1
0 3804 1
0 3805 1
0 3806 1
0 3807 1
0 3808 1
0 3809 1
0 3810 1
0 3811 1
0 3812 1
0 3813 1
0 3814 1
0 3815 1
0 3816 1
0 3817 1
0 3818 1
0 3819 1
0 3820 1
0 3821 1
0 3822 1
0 3823 1
0 3824 1
0 3825 1
0 3826 1
0 3827 1
0 3828 1
0 3829 1
0 3830 1
0 3831 1
0 3832 1
0 3833 1
0 3834 1
0 3835 1
0 3836 1
0 3837 1
0 3838 1
0 3839 1
0 3840 1
0 3841 1
0 3842 1
0 3843 1
0 3844 1
0 3845 1
0 3846 1
0 3847 1
0 3848 1
0 3849 1
0 3850 1
0 3851 1
0 3852 1
0 3853 1
0 3854 1
0 3855 1
0 3856 1
0 3857 1
0 3858 1
0 3859 1
0 3860 1
0 3861 1
0 3862 1
0 3863 1
0 3864 1
0 3865 1
0 3866 1
0 3867 1
0 3868 1
0 3869 1
0 3870 1
0 3871 1
0 3872 1
0 3873 1
0 3874 1
0 3875 1
0 3876 1
0 3877 1
0 3878 1
0 3879 1
0 3880 1
0 3881 1
0 3882 1
0 3883 1
0 3884 1
0 3885 1
0 3886 1
0 3887 1
0 3888 1
0 3889 1
0 3890 1
0 3891 1
0 3892 1
0 3893 1
0 3894 1
0 3895 1
0 3896 1
0 3897 1
0 3898 1
0 3899 1
0 3900 1
0 3901 1
0 3902 1
0 3903 1
0 3904 1
0 3905 1
0 3906 1
0 3907 1
0 3908 1
0 3909 1
0 3910 1
0 3911 1
0 3912 1
0 3913 1
0 3914 1
0 3915 1
0 3916 1
0 3917 1
0 3918 1
0 3919 1
0 3920 1
0 3921 1
0 3922 1
0 3923 1
0 3924 1
0 3925 1
0 3926 1
0 3927 1
0 3928 1
0 3929 1
0 3930 1
0 3931 1
0 3932 1
0 3933 1
0 3934 1
0 3935 1
0 3936 1
0 3937 1
0 3938 1
0 3939 1
0 3940 1
0 3941 1
0 3942 1
0 3943 1
0 3944 1
0 3945 1
0 3946 1
0 3947 1
0 3948 1
0 3949 1
0 3950 1
0 3951 1
0 3952 1
0 3953 1
0 3954 1
0 3955 1
0 3956 1
0 3957 1
0 3958 1
0 3959 1
0 3960 1
0 3961 1
0 3962 1
0 3963 1
0 3964 1
0 3965 1
0 3966 1
0 3967 1
0 3968 1
0 3969 1
0 3970 1
0 3971 1
0 3972 1
0 3973 1
0 3974 1
0 3975 1
0 3976 1
0 3977 1
0 3978 1
0 3979 1
0 3980 1
0 3981 1
0 3982 1
0 3983 1
0 3984 1
0 3985 1
0 3986 1
0 3987 1
0 3988 1
0 3989 1
0 3990 1
0 3991 1
0 3992 1
0 3993 1
0 3994 1
0 3995 1
0 3996 1
0 3997 1
0 3998 1
0 3999 1
0 4000 1
0 4001 1
0 4002 1
0 4003 1
0 4004 1
0 4005 1
0 4006 1
0 4007 1
0 4008 1
0 4009 1
0 4010 1
0 4011 1
0 4012 1
0 4013 1
0 4014 1
0 4015 1
0 4016 1
0 4017 1
0 4018 1
0 4019 1
0 4020 1
0 4021 1
0 4022 1
0 4023 1
0 4024 1
0 4025 1
0 4026 1
0 4027 1
0 4028 1
0 4029 1
0 4030 1
0 4031 1
0 4032 1
0 4033 1
0 4034 1
0 4035 1
0 4036 1
0 4037 1
0 4038 1
0 4039 1
0 4040 1
0 4041 1
0 4042 1
0 4043 1
0 4044 1
0 4045 1
0 4046 1
0 4047 1
0 4048 1
0 4049 1
0 4050 1
0 4051 1
0 4052 1
0 4053 1
0 4054 1
0 4055 1
0 4056 1
0 4057 1
0 4058 1
0 4059 1
0 4060 1
0 4061 1
0 4062 1
0 4063 1
0 4064 1
0 4065 1
0 4066 1
0 4067 1
0 4068 1
0 4069 1
0 4070 1
0 4071 1
0 4072 1
0 4073 1
0 4074 1
0 4075 1
0 4076 1
0 4077 1
0 4078 1
0 4079 1
0 4080 1
0 4081 1
0 4082 1
0 4083 1
0 4084 1
0 4085 1
0 4086 1
0 4087 1
0 4088 1
0 4089 1
0 4090 1
0 4091 1
0 4092 1
0 4093 1
0 4094 1
0 4095 1
