0 0 1
1 0 1
2 0 1
3 0 1
4 0 1
5 0 1
6 0 1
7 0 1
8 0 1
9 0 1
10 0 1
11 0 1
12 0 1
13 0 1
14 0 1
15 0 1
16 0 1
17 0 1
18 0 1
19 0 1
20 0 1
21 0 1
22 0 1
23 0 1
24 0 1
25 0 1
26 0 1
27 0 1
28 0 1
29 0 1
30 0 1
31 0 1
32 0 1
33 0 1
34 0 1
35 0 1
36 0 1
37 0 1
38 0 1
39 0 1
40 0 1
41 0 1
42 0 1
43 0 1
44 0 1
45 0 1
46 0 1
47 0 1
48 0 1
49 0 1
50 0 1
51 0 1
52 0 1
53 0 1
54 0 1
55 0 1
56 0 1
57 0 1
58 0 1
59 0 1
60 0 1
61 0 1
62 0 1
63 0 1
64 0 1
65 0 1
66 0 1
67 0 1
68 0 1
69 0 1
70 0 1
71 0 1
72 0 1
73 0 1
74 0 1
75 0 1
76 0 1
77 0 1
78 0 1
79 0 1
80 0 1
81 0 1
82 0 1
83 0 1
84 0 1
85 0 1
86 0 1
87 0 1
88 0 1
89 0 1
90 0 1
91 0 1
92 0 1
93 0 1
94 0 1
95 0 1
96 0 1
97 0 1
98 0 1
99 0 1
100 0 1
101 0 1
102 0 1
103 0 1
104 0 1
105 0 1
106 0 1
107 0 1
108 0 1
109 0 1
110 0 1
111 0 1
112 0 1
113 0 1
114 0 1
115 0 1
116 0 1
117 0 1
118 0 1
119 0 1
120 0 1
121 0 1
122 0 1
123 0 1
124 0 1
125 0 1
126 0 1
127 0 1
127 0 1
127 1 1
127 2 1
127 3 1
127 4 1
127 5 1
127 6 1
127 7 1
127 8 1
127 9 1
127 10 1
127 11 1
127 12 1
127 13 1
127 14 1
127 15 1
127 16 1
127 17 1
127 18 1
127 19 1
127 20 1
127 21 1
127 22 1
127 23 1
127 24 1
127 25 1
127 26 1
127 27 1
127 28 1
127 29 1
127 30 1
127 31 1
127 32 1
127 33 1
127 34 1
127 35 1
127 36 1
127 37 1
127 38 1
127 39 1
127 40 1
127 41 1
127 42 1
127 43 1
127 44 1
127 45 1
127 46 1
127 47 1
127 48 1
127 49 1
127 50 1
127 51 1
127 52 1
127 53 1
127 54 1
127 55 1
127 56 1
127 57 1
127 58 1
127 59 1
127 60 1
127 61 1
127 62 1
127 63 1
127 64 1
127 65 1
127 66 1
127 67 1
127 68 1
127 69 1
127 70 1
127 71 1
127 72 1
127 73 1
127 74 1
127 75 1
127 76 1
127 77 1
127 78 1
127 79 1
127 80 1
127 81 1
127 82 1
127 83 1
127 84 1
127 85 1
127 86 1
127 87 1
127 88 1
127 89 1
127 90 1
127 91 1
127 92 1
127 93 1
127 94 1
127 95 1
127 96 1
127 97 1
127 98 1
127 99 1
127 100 1
127 101 1
127 102 1
127 103 1
127 104 1
127 105 1
127 106 1
127 107 1
127 108 1
127 109 1
127 110 1
127 111 1
127 112 1
127 113 1
127 114 1
127 115 1
127 116 1
127 117 1
127 118 1
127 119 1
127 120 1
127 121 1
127 122 1
127 123 1
127 124 1
127 125 1
127 126 1
127 127 1
127 128 1
127 129 1
127 130 1
127 131 1
127 132 1
127 133 1
127 134 1
127 135 1
127 136 1
127 137 1
127 138 1
127 139 1
127 140 1
127 141 1
127 142 1
127 143 1
127 144 1
127 145 1
127 146 1
127 147 1
127 148 1
127 149 1
127 150 1
127 151 1
127 152 1
127 153 1
127 154 1
127 155 1
127 156 1
127 157 1
127 158 1
127 159 1
127 160 1
127 161 1
127 162 1
127 163 1
127 164 1
127 165 1
127 166 1
127 167 1
127 168 1
127 169 1
127 170 1
127 171 1
127 172 1
127 173 1
127 174 1
127 175 1
127 176 1
127 177 1
127 178 1
127 179 1
127 180 1
127 181 1
127 182 1
127 183 1
127 184 1
127 185 1
127 186 1
127 187 1
127 188 1
127 189 1
127 190 1
127 191 1
127 192 1
127 193 1
127 194 1
127 195 1
127 196 1
127 197 1
127 198 1
127 199 1
127 200 1
127 201 1
127 202 1
127 203 1
127 204 1
127 205 1
127 206 1
127 207 1
127 208 1
127 209 1
127 210 1
127 211 1
127 212 1
127 213 1
127 214 1
127 215 1
127 216 1
127 217 1
127 218 1
127 219 1
127 220 1
127 221 1
127 222 1
127 223 1
127 224 1
127 225 1
127 226 1
127 227 1
127 228 1
127 229 1
127 230 1
127 231 1
127 232 1
127 233 1
127 234 1
127 235 1
127 236 1
127 237 1
127 238 1
127 239 1
127 240 1
127 241 1
127 242 1
127 243 1
127 244 1
127 245 1
127 246 1
127 247 1
127 248 1
127 249 1
127 250 1
127 251 1
127 252 1
127 253 1
127 254 1
127 255 1
127 256 1
127 257 1
127 258 1
127 259 1
127 260 1
127 261 1
127 262 1
127 263 1
127 264 1
127 265 1
127 266 1
127 267 1
127 268 1
127 269 1
127 270 1
127 271 1
127 272 1
127 273 1
127 274 1
127 275 1
127 276 1
127 277 1
127 278 1
127 279 1
127 280 1
127 281 1
127 282 1
127 283 1
127 284 1
127 285 1
127 286 1
127 287 1
127 288 1
127 289 1
127 290 1
127 291 1
127 292 1
127 293 1
127 294 1
127 295 1
127 296 1
127 297 1
127 298 1
127 299 1
127 300 1
127 301 1
127 302 1
127 303 1
127 304 1
127 305 1
127 306 1
127 307 1
127 308 1
127 309 1
127 310 1
127 311 1
127 312 1
127 313 1
127 314 1
127 315 1
127 316 1
127 317 1
127 318 1
127 319 1
127 320 1
127 321 1
127 322 1
127 323 1
127 324 1
127 325 1
127 326 1
127 327 1
127 328 1
127 329 1
127 330 1
127 331 1
127 332 1
127 333 1
127 334 1
127 335 1
127 336 1
127 337 1
127 338 1
127 339 1
127 340 1
127 341 1
127 342 1
127 343 1
127 344 1
127 345 1
127 346 1
127 347 1
127 348 1
127 349 1
127 350 1
127 351 1
127 352 1
127 353 1
127 354 1
127 355 1
127 356 1
127 357 1
127 358 1
127 359 1
127 360 1
127 361 1
127 362 1
127 363 1
127 364 1
127 365 1
127 366 1
127 367 1
127 368 1
127 369 1
127 370 1
127 371 1
127 372 1
127 373 1
127 374 1
127 375 1
127 376 1
127 377 1
127 378 1
127 379 1
127 380 1
127 381 1
127 382 1
127 383 1
127 384 1
127 385 1
127 386 1
127 387 1
127 388 1
127 389 1
127 390 1
127 391 1
127 392 1
127 393 1
127 394 1
127 395 1
127 396 1
127 397 1
127 398 1
127 399 1
127 400 1
127 401 1
127 402 1
127 403 1
127 404 1
127 405 1
127 406 1
127 407 1
127 408 1
127 409 1
127 410 1
127 411 1
127 412 1
127 413 1
127 414 1
127 415 1
127 416 1
127 417 1
127 418 1
127 419 1
127 420 1
127 421 1
127 422 1
127 423 1
127 424 1
127 425 1
127 426 1
127 427 1
127 428 1
127 429 1
127 430 1
127 431 1
127 432 1
127 433 1
127 434 1
127 435 1
127 436 1
127 437 1
127 438 1
127 439 1
127 440 1
127 441 1
127 442 1
127 443 1
127 444 1
127 445 1
127 446 1
127 447 1
127 448 1
127 449 1
127 450 1
127 451 1
127 452 1
127 453 1
127 454 1
127 455 1
127 456 1
127 457 1
127 458 1
127 459 1
127 460 1
127 461 1
127 462 1
127 463 1
127 464 1
127 465 1
127 466 1
127 467 1
127 468 1
127 469 1
127 470 1
127 471 1
127 472 1
127 473 1
127 474 1
127 475 1
127 476 1
127 477 1
127 478 1
127 479 1
127 480 1
127 481 1
127 482 1
127 483 1
127 484 1
127 485 1
127 486 1
127 487 1
127 488 1
127 489 1
127 490 1
127 491 1
127 492 1
127 493 1
127 494 1
127 495 1
127 496 1
127 497 1
127 498 1
127 499 1
127 500 1
127 501 1
127 502 1
127 503 1
127 504 1
127 505 1
127 506 1
127 507 1
127 508 1
127 509 1
127 510 1
127 511 1
0 511 1
1 511 1
2 511 1
3 511 1
4 511 1
5 511 1
6 511 1
7 511 1
8 511 1
9 511 1
10 511 1
11 511 1
12 511 1
13 511 1
14 511 1
15 511 1
16 511 1
17 511 1
18 511 1
19 511 1
20 511 1
21 511 1
22 511 1
23 511 1
24 511 1
25 511 1
26 511 1
27 511 1
28 511 1
29 511 1
30 511 1
31 511 1
32 511 1
33 511 1
34 511 1
35 511 1
36 511 1
37 511 1
38 511 1
39 511 1
40 511 1
41 511 1
42 511 1
43 511 1
44 511 1
45 511 1
46 511 1
47 511 1
48 511 1
49 511 1
50 511 1
51 511 1
52 511 1
53 511 1
54 511 1
55 511 1
56 511 1
57 511 1
58 511 1
59 511 1
60 511 1
61 511 1
62 511 1
63 511 1
64 511 1
65 511 1
66 511 1
67 511 1
68 511 1
69 511 1
70 511 1
71 511 1
72 511 1
73 511 1
74 511 1
75 511 1
76 511 1
77 511 1
78 511 1
79 511 1
80 511 1
81 511 1
82 511 1
83 511 1
84 511 1
85 511 1
86 511 1
87 511 1
88 511 1
89 511 1
90 511 1
91 511 1
92 511 1
93 511 1
94 511 1
95 511 1
96 511 1
97 511 1
98 511 1
99 511 1
100 511 1
101 511 1
102 511 1
103 511 1
104 511 1
105 511 1
106 511 1
107 511 1
108 511 1
109 511 1
110 511 1
111 511 1
112 511 1
113 511 1
114 511 1
115 511 1
116 511 1
117 511 1
118 511 1
119 511 1
120 511 1
121 511 1
122 511 1
123 511 1
124 511 1
125 511 1
126 511 1
127 511 1
0 0 1
0 1 1
0 2 1
0 3 1
0 4 1
0 5 1
0 6 1
0 7 1
0 8 1
0 9 1
0 10 1
0 11 1
0 12 1
0 13 1
0 14 1
0 15 1
0 16 1
0 17 1
0 18 1
0 19 1
0 20 1
0 21 1
0 22 1
0 23 1
0 24 1
0 25 1
0 26 1
0 27 1
0 28 1
0 29 1
0 30 1
0 31 1
0 32 1
0 33 1
0 34 1
0 35 1
0 36 1
0 37 1
0 38 1
0 39 1
0 40 1
0 41 1
0 42 1
0 43 1
0 44 1
0 45 1
0 46 1
0 47 1
0 48 1
0 49 1
0 50 1
0 51 1
0 52 1
0 53 1
0 54 1
0 55 1
0 56 1
0 57 1
0 58 1
0 59 1
0 60 1
0 61 1
0 62 1
0 63 1
0 64 1
0 65 1
0 66 1
0 67 1
0 68 1
0 69 1
0 70 1
0 71 1
0 72 1
0 73 1
0 74 1
0 75 1
0 76 1
0 77 1
0 78 1
0 79 1
0 80 1
0 81 1
0 82 1
0 83 1
0 84 1
0 85 1
0 86 1
0 87 1
0 88 1
0 89 1
0 90 1
0 91 1
0 92 1
0 93 1
0 94 1
0 95 1
0 96 1
0 97 1
0 98 1
0 99 1
0 100 1
0 101 1
0 102 1
0 103 1
0 104 1
0 105 1
0 106 1
0 107 1
0 108 1
0 109 1
0 110 1
0 111 1
0 112 1
0 113 1
0 114 1
0 115 1
0 116 1
0 117 1
0 118 1
0 119 1
0 120 1
0 121 1
0 122 1
0 123 1
0 124 1
0 125 1
0 126 1
0 127 1
0 128 1
0 129 1
0 130 1
0 131 1
0 132 1
0 133 1
0 134 1
0 135 1
0 136 1
0 137 1
0 138 1
0 139 1
0 140 1
0 141 1
0 142 1
0 143 1
0 144 1
0 145 1
0 146 1
0 147 1
0 148 1
0 149 1
0 150 1
0 151 1
0 152 1
0 153 1
0 154 1
0 155 1
0 156 1
0 157 1
0 158 1
0 159 1
0 160 1
0 161 1
0 162 1
0 163 1
0 164 1
0 165 1
0 166 1
0 167 1
0 168 1
0 169 1
0 170 1
0 171 1
0 172 1
0 173 1
0 174 1
0 175 1
0 176 1
0 177 1
0 178 1
0 179 1
0 180 1
0 181 1
0 182 1
0 183 1
0 184 1
0 185 1
0 186 1
0 187 1
0 188 1
0 189 1
0 190 1
0 191 1
0 192 1
0 193 1
0 194 1
0 195 1
0 196 1
0 197 1
0 198 1
0 199 1
0 200 1
0 201 1
0 202 1
0 203 1
0 204 1
0 205 1
0 206 1
0 207 1
0 208 1
0 209 1
0 210 1
0 211 1
0 212 1
0 213 1
0 214 1
0 215 1
0 216 1
0 217 1
0 218 1
0 219 1
0 220 1
0 221 1
0 222 1
0 223 1
0 224 1
0 225 1
0 226 1
0 227 1
0 228 1
0 229 1
0 230 1
0 231 1
0 232 1
0 233 1
0 234 1
0 235 1
0 236 1
0 237 1
0 238 1
0 239 1
0 240 1
0 241 1
0 242 1
0 243 1
0 244 1
0 245 1
0 246 1
0 247 1
0 248 1
0 249 1
0 250 1
0 251 1
0 252 1
0 253 1
0 254 1
0 255 1
0 256 1
0 257 1
0 258 1
0 259 1
0 260 1
0 261 1
0 262 1
0 263 1
0 264 1
0 265 1
0 266 1
0 267 1
0 268 1
0 269 1
0 270 1
0 271 1
0 272 1
0 273 1
0 274 1
0 275 1
0 276 1
0 277 1
0 278 1
0 279 1
0 280 1
0 281 1
0 282 1
0 283 1
0 284 1
0 285 1
0 286 1
0 287 1
0 288 1
0 289 1
0 290 1
0 291 1
0 292 1
0 293 1
0 294 1
0 295 1
0 296 1
0 297 1
0 298 1
0 299 1
0 300 1
0 301 1
0 302 1
0 303 1
0 304 1
0 305 1
0 306 1
0 307 1
0 308 1
0 309 1
0 310 1
0 311 1
0 312 1
0 313 1
0 314 1
0 315 1
0 316 1
0 317 1
0 318 1
0 319 1
0 320 1
0 321 1
0 322 1
0 323 1
0 324 1
0 325 1
0 326 1
0 327 1
0 328 1
0 329 1
0 330 1
0 331 1
0 332 1
0 333 1
0 334 1
0 335 1
0 336 1
0 337 1
0 338 1
0 339 1
0 340 1
0 341 1
0 342 1
0 343 1
0 344 1
0 345 1
0 346 1
0 347 1
0 348 1
0 349 1
0 350 1
0 351 1
0 352 1
0 353 1
0 354 1
0 355 1
0 356 1
0 357 1
0 358 1
0 359 1
0 360 1
0 361 1
0 362 1
0 363 1
0 364 1
0 365 1
0 366 1
0 367 1
0 368 1
0 369 1
0 370 1
0 371 1
0 372 1
0 373 1
0 374 1
0 375 1
0 376 1
0 377 1
0 378 1
0 379 1
0 380 1
0 381 1
0 382 1
0 383 1
0 384 1
0 385 1
0 386 1
0 387 1
0 388 1
0 389 1
0 390 1
0 391 1
0 392 1
0 393 1
0 394 1
0 395 1
0 396 1
0 397 1
0 398 1
0 399 1
0 400 1
0 401 1
0 402 1
0 403 1
0 404 1
0 405 1
0 406 1
0 407 1
0 408 1
0 409 1
0 410 1
0 411 1
0 412 1
0 413 1
0 414 1
0 415 1
0 416 1
0 417 1
0 418 1
0 419 1
0 420 1
0 421 1
0 422 1
0 423 1
0 424 1
0 425 1
0 426 1
0 427 1
0 428 1
0 429 1
0 430 1
0 431 1
0 432 1
0 433 1
0 434 1
0 435 1
0 436 1
0 437 1
0 438 1
0 439 1
0 440 1
0 441 1
0 442 1
0 443 1
0 444 1
0 445 1
0 446 1
0 447 1
0 448 1
0 449 1
0 450 1
0 451 1
0 452 1
0 453 1
0 454 1
0 455 1
0 456 1
0 457 1
0 458 1
0 459 1
0 460 1
0 461 1
0 462 1
0 463 1
0 464 1
0 465 1
0 466 1
0 467 1
0 468 1
0 469 1
0 470 1
0 471 1
0 472 1
0 473 1
0 474 1
0 475 1
0 476 1
0 477 1
0 478 1
0 479 1
0 480 1
0 481 1
0 482 1
0 483 1
0 484 1
0 485 1
0 486 1
0 487 1
0 488 1
0 489 1
0 490 1
0 491 1
0 492 1
0 493 1
0 494 1
0 495 1
0 496 1
0 497 1
0 498 1
0 499 1
0 500 1
0 501 1
0 502 1
0 503 1
0 504 1
0 505 1
0 506 1
0 507 1
0 508 1
0 509 1
0 510 1
0 511 1
